10941	0.16472791187183666	0.6827192975832211	0.1525527905449421
10942	0.4733617064360803	0.4361727063902007	0.09046558717371907
10943	0.0880497145457179	0.42414539701862886	0.4878048884356532
10944	0.15542623691849888	0.7269281950662926	0.11764556801520855
10945	0.14543686223355237	0.7377853931550199	0.11677774461142765
10946	0.13642591138901022	0.754995652648307	0.10857843596268268
10947	0.2224278788332228	0.6417480056634067	0.1358241155033705
10948	0.15291633745204133	0.621623639568398	0.22546002297956072
10949	0.16179826029760339	0.6842778842114133	0.15392385549098322
10950	0.22780856868595126	0.6318202854474889	0.14037114586655977
10951	0.11943061000837858	0.7369252078683584	0.14364418212326308
10952	0.150196637780229	0.5817752366340455	0.26802812558572564
10953	0.24020366326529108	0.5289669961443441	0.23082934059036483
10954	0.11366883771755294	0.5766407579036271	0.30969040437881984
10955	0.1508072719594995	0.7131161999054303	0.13607652813507023
10956	0.16634311600485674	0.7712419914205869	0.06241489257455627
10957	0.15469909289948006	0.6582573581399241	0.18704354896059594
10958	0.09920811365348309	0.781313458512225	0.1194784278342919
10959	0.16067826226431173	0.7499581091149565	0.08936362862073179
10960	0.1692178221492188	0.713975390066166	0.1168067877846154
10961	0.1840741884116359	0.5582417874481184	0.25768402414024577
10962	0.2335378852630534	0.6680401367363858	0.0984219780005607
10963	0.12046376542250938	0.7370820657022153	0.14245416887527526
10964	0.16771848777428722	0.7085992967572333	0.12368221546847942
10965	0.19473597319878944	0.7250157459369594	0.08024828086425109
10966	0.11225970608862364	0.7698151091314026	0.11792518477997382
10967	0.16988039553134815	0.6997125591381635	0.13040704533048833
10968	0.13962644235035346	0.7644086058030006	0.09596495184664598
10969	0.09672020056890536	0.7946396806257049	0.10864011880538972
10970	0.09713816152781111	0.7976777867896604	0.10518405168252846
10971	0.1059560966960934	0.611447709574507	0.28259619372939965
10972	0.1396491421519512	0.7625910132796264	0.09775984456842246
10973	0.1986741169296471	0.6952316309492909	0.10609425212106209
10974	0.20303133654127506	0.6928870468358334	0.10408161662289155
10975	0.15777402557382952	0.7018889488628481	0.14033702556332225
10976	0.10639958596060989	0.6327541572451149	0.26084625679427526
10977	0.24442670155258794	0.6759194116594903	0.07965388678792172
10978	0.12482617405277337	0.7199414000083783	0.15523242593884848
10979	0.08454633360642498	0.5367606549577418	0.37869301143583317
10980	0.08901299999571884	0.4317478918506305	0.4792391081536507
10981	0.1137706906658914	0.510417778059632	0.3758115312744767
10982	0.12271739945157457	0.7541723204115424	0.12311028013688295
10983	0.12628656249420575	0.7412977739210458	0.13241566358474852
10984	0.10874674398828242	0.7032933895551934	0.1879598664565242
10985	0.09974438112339729	0.6343225007153396	0.265933118161263
10986	0.09282225254804967	0.5968659711826726	0.3103117762692777
10987	0.12499125289742896	0.7031423849970803	0.17186636210549067
10988	0.0909900467469777	0.8299158189102632	0.07909413434275915
10989	0.10104191256098043	0.8175996146410934	0.08135847279792614
10990	0.21436464144021158	0.5694129818068632	0.2162223767529253
10991	0.08987426328044346	0.8129844729353931	0.09714126378416348
10992	0.11008990856772709	0.6746706053199606	0.21523948611231233
10993	0.11227770694844781	0.7205077567238934	0.16721453632765862
10994	0.16073975649646988	0.7259813502580131	0.11327889324551706
10995	0.09911312202263056	0.567499484013347	0.3333873939640224
10996	0.4380713465051483	0.46362521714277477	0.0983034363520769
10997	0.40629487620806354	0.49056516554294083	0.10313995824899558
10998	0.2134537450790027	0.640552867327299	0.14599338759369843
10999	0.2134537450790027	0.640552867327299	0.14599338759369843
11000	0.265915060611421	0.5962850359535781	0.13779990343500093
11001	0.2208023185242436	0.724079229290958	0.055118452184798473
11002	0.10452112518939076	0.7231407236307742	0.1723381511798351
11003	0.08605180064768207	0.6425572167468557	0.2713909826054621
11004	0.11172627511447297	0.6747987003815109	0.2134750245040161
11005	0.11172627511447297	0.6747987003815109	0.2134750245040161
11006	0.19197522712064238	0.7186498793725439	0.08937489350681366
11007	0.10557426279050242	0.7901792185427398	0.10424651866675778
11008	0.11746457749553531	0.7562669660231555	0.1262684564813091
11009	0.1040848294363221	0.8094810959129067	0.08643407465077134
11010	0.1407877257543889	0.7337091733696416	0.12550310087596947
11011	0.14489009584912457	0.7835326190993482	0.07157728505152715
11012	0.24896654160021467	0.6756285124580971	0.07540494594168824
11013	0.14068933022490987	0.792572496765397	0.06673817300969319
11014	0.3187671360913749	0.6204146535378667	0.060818210370758456
11015	0.1699000006996176	0.7469750958390323	0.08312490346135008
11016	0.1431656668533613	0.7751601943160216	0.08167413883061712
11017	0.13075055426826648	0.7605057571361277	0.10874368859560583
11018	0.14250682819030505	0.7959092100448135	0.061583961764881436
11019	0.10152604532019466	0.8178521851655232	0.0806217695142823
11020	0.1268578942874761	0.6307879189675657	0.24235418674495815
11021	0.2111631455176942	0.7287575453722827	0.06007930911002324
11022	0.2057606135455797	0.7289341724911594	0.06530521396326089
11023	0.11513108626760342	0.7413445409194986	0.14352437281289793
11024	0.10960051848427103	0.7105772465698267	0.17982223494590233
11025	0.1427161272147278	0.7285736695496562	0.12871020323561602
11026	0.09509733175121127	0.4149000401666528	0.49000262808213585
11027	0.12043539100171162	0.6370705955135137	0.24249401348477453
11028	0.17239391967711093	0.724696818555629	0.10290926176726016
11029	0.1917113826218656	0.6903933622385239	0.11789525513961063
11030	0.16041714288458564	0.7270123570202519	0.11257050009516252
11031	0.1449737008069205	0.7428236121369478	0.11220268705613164
11032	0.12224655278530351	0.7711035930556628	0.10664985415903377
11033	0.10485807575089788	0.7048838864699007	0.19025803777920144
11034	0.16941011803383108	0.5817259470365915	0.24886393492957737
11035	0.09290660610885415	0.7284267996149959	0.17866659427614995
11036	0.10779422081592595	0.7160698546639214	0.17613592452015273
11037	0.10779422081592595	0.7160698546639214	0.17613592452015273
11038	0.09290660610885415	0.7284267996149959	0.17866659427614995
11039	0.10736370055245188	0.7040358278946046	0.1886004715529435
11040	0.1457482516108238	0.6760980782254252	0.17815367016375105
11041	0.13639319730979282	0.7187955336392896	0.14481126905091765
11042	0.31829810013222715	0.624006589853025	0.05769531001474781
11043	0.12402443136657167	0.787421298221704	0.08855427041172419
11044	0.10778310800571189	0.6429626473802846	0.24925424461400345
11045	0.1273446284198678	0.7582830257453496	0.11437234583478252
11046	0.12022004989372963	0.7327583806566705	0.14702156944959996
11047	0.14398302666575155	0.726007126863597	0.13000984647065145
11048	0.19898729141484942	0.6834085957179153	0.11760411286723522
11049	0.1879883495271312	0.7440445186997787	0.06796713177309001
11050	0.1793866426662393	0.7573404091966388	0.06327294813712199
11051	0.18872156947191965	0.759957516322146	0.051320914205934265
11052	0.14167976997742263	0.7758408439719761	0.0824793860506013
11053	0.1092013450733123	0.5852171798578999	0.30558147506878774
11054	0.1414765979566053	0.7692276558452315	0.0892957461981632
11055	0.3217439176919277	0.5682911378155663	0.10996494449250588
11056	0.32758822843157215	0.5616764428405282	0.11073532872789965
11057	0.1286099641898266	0.7965079377159099	0.07488209809426356
11058	0.18176750308629439	0.7189342583181598	0.09929823859554576
11059	0.1984131271602342	0.6459241824752955	0.15566269036447025
11060	0.14269992412855045	0.7485471241519089	0.10875295171954069
11061	0.1670199185490527	0.7252303300899837	0.10774975136096354
11062	0.14261843997967696	0.74500251104081	0.11237904897951319
11063	0.12928287217813209	0.7523730343736825	0.11834409344818543
11064	0.18106876241716163	0.698566862411036	0.1203643751718022
11065	0.17515861139004307	0.7454514081249773	0.07938998048497962
11066	0.1750647390100295	0.7428794656943504	0.08205579529562018
11067	0.13660232577283682	0.6200040553165506	0.2433936189106127
11068	0.14344580602823367	0.7658062017015386	0.09074799227022771
11069	0.11987602163802187	0.7802702341836073	0.09985374417837095
11070	0.1975028618055298	0.623249837625179	0.17924730056929114
11071	0.11084014800416521	0.5424832810684745	0.3466765709273602
11072	0.1732353708569024	0.6496097567200018	0.1771548724230959
11073	0.10622814850387953	0.6848944947486525	0.20887735674746807
11074	0.08061475758976021	0.7796610485872287	0.13972419382301113
11075	0.09032363827064867	0.766234051032698	0.14344231069665317
11076	0.10370838945256733	0.7552539315971915	0.14103767895024125
11077	0.16659694518011048	0.7293106002378593	0.10409245458203024
11078	0.10799377804529771	0.7610855158846347	0.13092070607006745
11079	0.14405408010817575	0.7265050026432546	0.12944091724856965
11080	0.2199918352703456	0.6935514283431323	0.08645673638652211
11081	0.09870239670813413	0.5689127033391803	0.33238489995268555
11082	0.1328734612468712	0.7657192369409902	0.10140730181213864
11083	0.09467948900801208	0.800065528770713	0.10525498222127493
11084	0.09816928744996832	0.8005413554522501	0.10128935709778165
11085	0.23429857866727424	0.6841334885729208	0.08156793275980502
11086	0.15705217503088878	0.7537465759049361	0.0892012490641752
11087	0.19917719224826103	0.6268631844031791	0.17395962334855994
11088	0.09809076668579421	0.44078914929198526	0.4611200840222205
11089	0.14661888923910496	0.7166597521489892	0.1367213586119058
11090	0.15111981941502664	0.7620545768940122	0.08682560369096104
11091	0.25746167929014613	0.6093430768432141	0.13319524386663986
11092	0.10432632782821745	0.6419708544698134	0.2537028177019692
11093	0.35430176028340554	0.5401124728374679	0.1055857668791265
11094	0.14920269515897544	0.6544499750576654	0.19634732978335903
11095	0.15479437936785853	0.6498811347969666	0.1953244858351748
11096	0.16743537719095816	0.680146027342758	0.15241859546628375
11097	0.07718930850568706	0.5362546554731747	0.38655603602113825
11098	0.09602935139600159	0.6412648552161869	0.2627057933878114
11099	0.10754565031503989	0.8099158732906835	0.08253847639427649
11100	0.12916332674322184	0.7090784481260126	0.16175822513076565
11101	0.1655488815790101	0.6291462079158304	0.2053049105051595
11102	0.13825420353969434	0.6513937492004606	0.2103520472598451
11103	0.14960011077937152	0.7069679689305265	0.14343192029010196
11104	0.15759829723864463	0.6912902589517964	0.151111443809559
11105	0.14346587480294679	0.6205159858440403	0.23601813935301297
11106	0.2574773624266182	0.6193062582317496	0.12321637934163228
11107	0.08781616642769795	0.6893226453768121	0.22286118819548997
11108	0.18615183585397851	0.7281802338568322	0.08566793028918934
11109	0.1371977344827624	0.6755006202677648	0.1873016452494728
11110	0.1388520284000339	0.6470880979915147	0.21405987360845127
11111	0.271727056277502	0.6079402475073602	0.12033269621513787
11112	0.126355016795523	0.7535041783913622	0.12014080481311484
11113	0.2797841659326438	0.6545365797417043	0.06567925432565185
11114	0.12027047332258996	0.7970961905115242	0.08263333616588583
11115	0.12499502456759103	0.7999075560460547	0.07509741938635436
11116	0.257191057440588	0.5287485181565629	0.214060424402849
11117	0.27192348381842174	0.5224107238536688	0.2056657923279095
11118	0.07469088805081715	0.6634145895378077	0.2618945224113751
11119	0.10278811717449247	0.659951063895968	0.23726081892953946
11120	0.09456611555773227	0.7836897862292113	0.12174409821305647
11121	0.21156201211280315	0.6348172045106917	0.15362078337650517
11122	0.19035615159858751	0.7294201382981237	0.08022371010328895
11123	0.10229382367770506	0.7859615159056572	0.11174466041663773
11124	0.11535416995181841	0.6984469034981954	0.18619892654998615
11125	0.11617881858219077	0.7575041393703202	0.12631704204748898
11126	0.2319688861360679	0.7018668162664152	0.06616429759751695
11127	0.0782604702242101	0.6000381264789687	0.32170140329682123
11128	0.1337220901901313	0.5749143335029151	0.2913635763069536
11129	0.1296441456780514	0.8110890593615342	0.0592667949604144
11130	0.15662429023287672	0.6610672397787134	0.18230846998840997
11131	0.16885860312245002	0.695336719561812	0.13580467731573806
11132	0.13417537730118237	0.7115116578412933	0.15431296485752424
11133	0.1027172380061611	0.6580680646192132	0.23921469737462572
11134	0.1425953726676694	0.7587991535475059	0.09860547378482472
11135	0.12923906835584745	0.7086723264116843	0.16208860523246815
11136	0.08793439432785266	0.5808269622370054	0.3312386434351419
11137	0.27430165250644056	0.5885606586613643	0.13713768883219507
11138	0.10306680462877592	0.6240502968755351	0.272882898495689
11139	0.09194180543649065	0.7815353155779151	0.12652287898559425
11140	0.12655978026795003	0.7107881365792058	0.16265208315284413
11141	0.1089862333963711	0.7306940673332809	0.1603196992703481
11142	0.10892880003044025	0.815374330444267	0.07569686952529267
11143	0.10458264969674136	0.8267288512380397	0.06868849906521894
11144	0.0967073069919715	0.7491452862062505	0.15414740680177796
11145	0.2071810725801266	0.6463556577525131	0.1464632696673602
11146	0.2071810725801266	0.6463556577525131	0.1464632696673602
11147	0.11626179205356547	0.561453484467854	0.32228472347858045
11148	0.0878806481994882	0.5737345171454812	0.33838483465503066
11149	0.14168802044637904	0.7941725258855278	0.06413945366809316
11150	0.23832087950194727	0.6631938982037094	0.09848522229434326
11151	0.18657066801293057	0.7058987456334206	0.10753058635364889
11152	0.17294364580335567	0.7318424639606776	0.09521389023596666
11153	0.31452103543812654	0.4000886387351805	0.2853903258266929
11154	0.14511700009870318	0.7399241801281743	0.11495881977312256
11155	0.15085214367799527	0.5606684493911245	0.28847940693088026
11156	0.09459137400496215	0.5501036822675579	0.35530494372748
11157	0.08999169966702958	0.7669915723950919	0.14301672793787848
11158	0.11526200174720837	0.6033923743089559	0.2813456239438357
11159	0.13427951546910713	0.7040895937789243	0.16163089075196857
11160	0.10777871101773275	0.7124003850316568	0.17982090395061046
11161	0.086245829447261	0.6364650457570582	0.2772891247956808
11162	0.12311878715580564	0.7969004328951037	0.07998077994909071
11163	0.2384310262988386	0.6043840260363509	0.15718494766481053
11164	0.2248763951963915	0.6948279262322384	0.08029567857137009
11165	0.1187014786946295	0.7907323163471366	0.09056620495823385
11166	0.09722253450734673	0.5365910159943531	0.36618644949830026
11167	0.13431716602841254	0.7663463791008979	0.09933645487068948
11168	0.296919485228388	0.6143036628984614	0.0887768518731507
11169	0.14111691803896256	0.615811168053164	0.2430719139078734
11170	0.13176864849263822	0.6850954765402716	0.18313587496709027
11171	0.1530108202654811	0.7477040199008883	0.09928515983363055
11172	0.19387654801256185	0.634807609199098	0.17131584278834014
11173	0.12168881868460724	0.8127266244713086	0.06558455684408412
11174	0.09858299475155112	0.7543302894339585	0.14708671581449037
11175	0.10596078677555047	0.7582462713586352	0.13579294186581436
11176	0.12281717644307548	0.7176567950528598	0.15952602850406464
11177	0.31534092064833213	0.5692073978641033	0.11545168148756456
11178	0.1102642576342638	0.7758083206029761	0.1139274217627601
11179	0.1582715295610169	0.7517047802957092	0.09002369014327387
11180	0.1695170202037907	0.7323986479512662	0.09808433184494315
11181	0.20752526680244068	0.6466552595561299	0.14581947364142941
11182	0.13189933249378968	0.6940922038168561	0.17400846368935427
11183	0.0831339613078617	0.3735782581842932	0.5432877805078452
11184	0.11708494113532104	0.5515993796204048	0.33131567924427413
11185	0.1545108406361315	0.7145976416813725	0.13089151768249596
11186	0.1545108406361315	0.7145976416813725	0.13089151768249596
11187	0.13970208321500605	0.7701600700825316	0.09013784670246233
11188	0.15948612718575425	0.7485950099344832	0.09191886287976243
11189	0.1670391855866463	0.6838505232033559	0.14911029120999772
11190	0.09755606753770601	0.7842217845762433	0.11822214788605079
11191	0.09486778406935797	0.6287284762731642	0.27640373965747783
11192	0.15352637974455857	0.6127642799298568	0.2337093403255844
11193	0.08890230794125646	0.6537405632487389	0.25735712881000455
11194	0.16552550113206907	0.7677671881650924	0.06670731070283861
11195	0.08332090668088922	0.7794289824644419	0.13725011085466884
11196	0.1369654512768833	0.7471586476451161	0.11587590107800046
11197	0.11708771533095934	0.7002208749516995	0.18269140971734119
11198	0.18915235095146954	0.7051599672270804	0.10568768182145004
11199	0.2350075787540639	0.6663982377622294	0.09859418348370676
11200	0.13637189160458293	0.7308806840549359	0.1327474243404811
11201	0.15172162164695333	0.7095073037478197	0.13877107460522706
11202	0.13335063163540914	0.8078139403097452	0.05883542805484567
11203	0.08294341726368674	0.7057090890468632	0.21134749368945008
11204	0.0756524730878209	0.7438964225974417	0.18045110431473743
11205	0.1786611370416676	0.7325224802947071	0.08881638266362517
11206	0.1786611370416676	0.7325224802947071	0.08881638266362517
11207	0.17799494838498361	0.716550649443836	0.1054544021711803
11208	0.14233458970161467	0.7150037242457742	0.1426616860526112
11209	0.16757803907739008	0.7191005371521025	0.11332142377050729
11210	0.11430913333541941	0.7924572101803776	0.09323365648420308
11211	0.10636239955948185	0.7352618971257602	0.15837570331475803
11212	0.10594189677327813	0.5835621780852617	0.31049592514146024
11213	0.13628253372986365	0.677810936848917	0.1859065294212194
11214	0.13807797922541507	0.5266621753752841	0.33525984539930076
11215	0.1814765874624682	0.6452999105106506	0.17322350202688117
11216	0.11680386767882439	0.8056125958720549	0.07758353644912076
11217	0.09598131152678642	0.7747473424891398	0.12927134598407378
11218	0.17236607188148947	0.7052197216035997	0.12241420651491076
11219	0.10971984740946883	0.7650926155340362	0.12518753705649507
11220	0.10159878328802535	0.792401367010795	0.10599984970117969
11221	0.1050428322197775	0.797876339262423	0.09708082851779953
11222	0.16673311735334675	0.7287022337676147	0.10456464887903859
11223	0.12725783304579924	0.7637050537345234	0.10903711321967746
11224	0.1154130082528983	0.7045999080284652	0.1799870837186365
11225	0.16233349228599317	0.7610884142497408	0.07657809346426585
11226	0.1974613757368904	0.7502932406145906	0.0522453836485191
11227	0.10547129622184649	0.5482791857197932	0.3462495180583603
11228	0.16445907489925557	0.7360349441656729	0.09950598093507139
11229	0.09845362447029754	0.5779518782690817	0.3235944972606208
11230	0.13336471315160311	0.7679163096151319	0.09871897723326495
11231	0.20675360343849725	0.6602257468634415	0.13302064969806135
11232	0.2704202237037698	0.668942821189319	0.0606369551069113
11233	0.23540179692198468	0.6973325066933554	0.06726569638465997
11234	0.1027162377814408	0.7803182385643126	0.11696552365424658
11235	0.12122568180096942	0.7646672231012901	0.11410709509774047
11236	0.12892017393130176	0.7579804400881262	0.11309938598057219
11237	0.1491007040884265	0.7211799828167433	0.12971931309483012
11238	0.0876369941409123	0.5833040081257522	0.32905899773333536
11239	0.11257321234873356	0.774702232506991	0.11272455514427542
11240	0.08085785256485006	0.5862103591534122	0.3329317882817377
11241	0.1267720534148624	0.5460298691416905	0.32719807744344714
11242	0.1267720534148624	0.5460298691416905	0.32719807744344714
11243	0.09181171164367492	0.4491746268791206	0.4590136614772045
11244	0.1430203299143783	0.7604996704938989	0.09647999959172267
11245	0.08852459269077491	0.7956535577792639	0.11582184952996107
11246	0.12060485700314068	0.7706945844330515	0.10870055856380789
11247	0.16325152541480437	0.717276257105974	0.11947221747922164
11248	0.09183175693888272	0.5194155046608938	0.38875273840022356
11249	0.1526862523308347	0.7697210852535156	0.07759266241564977
11250	0.09401779959434546	0.5537538556175052	0.3522283447881493
11251	0.1662029978446777	0.6079058156929925	0.22589118646232978
11252	0.18856088548354746	0.7369701224328599	0.07446899208359258
11253	0.23682563921925173	0.663050160408889	0.10012420037185932
11254	0.23006502928144326	0.6742757798630731	0.09565919085548365
11255	0.22793748861923643	0.6944429874406545	0.07761952394010907
11256	0.19584185267198398	0.7413929343178842	0.06276521301013183
11257	0.2341071140418187	0.6329163465803355	0.13297653937784587
11258	0.13334141791294568	0.6602020190299412	0.20645656305711302
11259	0.1688046559817702	0.6927175933695203	0.13847775064870943
11260	0.2326751281606859	0.6935286014758605	0.07379627036345361
11261	0.15951525026201616	0.7437514025909188	0.0967333471470652
11262	0.12721770939971852	0.750407294187903	0.12237499641237848
11263	0.1307172370035909	0.7426585551215629	0.12662420787484643
11264	0.1327355052992716	0.7285001889474053	0.13876430575332308
11265	0.164131759952481	0.6838761090889051	0.15199213095861389
11266	0.10912102487335161	0.7235666340068415	0.1673123411198069
11267	0.1646223616874709	0.639836606592734	0.19554103171979517
11268	0.1711279790958237	0.6041540209094688	0.22471799999470746
11269	0.14733945490286768	0.7273349038350035	0.12532564126212883
11270	0.14844588216535956	0.566713812831566	0.2848403050030745
11271	0.20510618499308705	0.7093041877107407	0.08558962729617224
11272	0.18216260595969816	0.6595070149611383	0.15833037907916356
11273	0.15130351652894447	0.7214525453890309	0.1272439380820247
11274	0.08467424139200636	0.5005936397721458	0.4147321188358479
11275	0.15963553532615674	0.7271483301083541	0.11321613456548914
11276	0.10860214776761411	0.7819104819236667	0.10948737030871906
11277	0.09282541084473069	0.7705809769372056	0.1365936122180638
11278	0.23040955422287432	0.6395504811226788	0.1300399646544468
11279	0.22266704180780492	0.636694798841198	0.14063815935099716
11280	0.19027160196502244	0.7080009599309767	0.10172743810400091
11281	0.17497973779775766	0.7230851505695535	0.10193511163268881
11282	0.09373232429628052	0.7824878562388747	0.12377981946484469
11283	0.11946764771756184	0.7794886772145803	0.1010436750678579
11284	0.1276074829957816	0.7552076556779613	0.117184861326257
11285	0.1643522697085829	0.7157716042914585	0.11987612599995862
11286	0.1908301857024839	0.6931515093914585	0.11601830490605754
11287	0.11205364107677039	0.7899270384101058	0.09801932051312372
11288	0.1876301777693616	0.7243661215682747	0.08800370066236368
11289	0.11988073542527573	0.7887794164745762	0.0913398481001481
11290	0.21814622035608852	0.6747905689075958	0.10706321073631564
11291	0.24578498769713245	0.6491446449126129	0.10507036739025453
11292	0.2900153623930584	0.6151465845329389	0.09483805307400257
11293	0.12099690109691068	0.7933875756137098	0.08561552328937945
11294	0.1478453017520138	0.7657599320614165	0.08639476618656979
11295	0.10367855989629288	0.7991441924218057	0.09717724768190143
11296	0.13094965246723256	0.696691669617195	0.1723586779155725
11297	0.12541069719485962	0.6906784519548542	0.18391085085028622
11298	0.13125957498454813	0.704248969608452	0.164491455407
11299	0.1264319741578019	0.7206384190607964	0.15292960678140174
11300	0.13515563901105299	0.7450797434929838	0.11976461749596323
11301	0.08679822882643716	0.4604419377137001	0.45275983345986265
11302	0.12118934026011934	0.7188071157004382	0.16000354403944242
11303	0.1128715400578924	0.8042403159272498	0.08288814401485788
11304	0.13219212313652393	0.6976423680350856	0.17016550882839043
11305	0.13406407506020204	0.7293630318425995	0.13657289309719836
11306	0.1765337617544164	0.6516661815022633	0.17180005674332033
11307	0.40190187796332305	0.49925543854776766	0.09884268348890929
11308	0.15528123406867497	0.7380836386414399	0.10663512728988513
11309	0.1656810694594941	0.7176258067069443	0.11669312383356152
11310	0.12417019010038378	0.6760021612024953	0.19982764869712089
11311	0.15975015797248718	0.7480321156733284	0.0922177263541845
11312	0.20414752002093525	0.7178592578767597	0.07799322210230503
11313	0.1273318368163153	0.7986886260096618	0.07397953717402278
11314	0.11231158454215512	0.8166288362925083	0.07105957916533667
11315	0.13528862617265006	0.7776275904161131	0.08708378341123689
11316	0.2298127248283651	0.6910604741287895	0.07912680104284543
11317	0.14521279298283776	0.785490557946606	0.06929664907055617
11318	0.41402596932904917	0.41471356855329805	0.1712604621176527
11319	0.39609203745384175	0.42284411987681875	0.18106384266933953
11320	0.10265936495892343	0.6930872814084065	0.2042533536326702
11321	0.10069135612873341	0.7055401353479613	0.19376850852330518
11322	0.16232170115669634	0.6864215832034369	0.1512567156398667
11323	0.16053316866117015	0.675505903615495	0.16396092772333495
11324	0.11961597179328128	0.8143189204106499	0.06606510779606882
11325	0.3216136842085601	0.60213454377029	0.07625177202115001
11326	0.2023330625989966	0.7372502316175448	0.06041670578345868
11327	0.11633091224187732	0.7079533565892158	0.17571573116890685
11328	0.17071534848824418	0.7527311896661337	0.07655346184562212
11329	0.08063834212254362	0.4598074575723994	0.45955420030505706
11330	0.10123007296479641	0.7378104719086198	0.1609594551265838
11331	0.13865131299798664	0.7733822184576455	0.0879664685443677
11332	0.17628367669446524	0.7386703245208558	0.08504599878467904
11333	0.13005874607120135	0.7833022776071249	0.08663897632167376
11334	0.09799240368377836	0.8004176840064895	0.10158991230973219
11335	0.09862104286875369	0.5833196016546074	0.31805935547663905
11336	0.15036816015543472	0.7537473960692275	0.09588444377533774
11337	0.16594932655408054	0.730499635605326	0.10355103784059345
11338	0.21632299268154465	0.705595045021557	0.07808196229689827
11339	0.1898089067748754	0.7265336475330386	0.08365744569208593
11340	0.1872412057826401	0.7405009693449043	0.07225782487245558
11341	0.10146609469285482	0.8015991683622518	0.09693473694489337
11342	0.11592718380912838	0.7384627696800822	0.14561004651078946
11343	0.11592718380912838	0.7384627696800822	0.14561004651078946
11344	0.13426444598188003	0.6320874464531767	0.23364810756494325
11345	0.17989947460583133	0.5813858137217786	0.23871471167239008
11346	0.3238385209484357	0.5852382548728878	0.09092322417867647
11347	0.18246340949678927	0.7211272258586634	0.09640936464454737
11348	0.22012815242311165	0.6627828811460792	0.11708896643080925
11349	0.1345604890363146	0.7569615116674662	0.10847799929621914
11350	0.20346077369079443	0.6919491771191897	0.10459004919001587
11351	0.15164369680143489	0.6276959173457266	0.22066038585283856
11352	0.1247606718682789	0.5813685493511039	0.293870778780617
11353	0.12385534259726433	0.7204724170613614	0.15567224034137425
11354	0.14527604302470412	0.724394756951981	0.1303292000233148
11355	0.2062391838758876	0.5882032318382273	0.205557584285885
11356	0.20510502234441177	0.5925261058725267	0.20236887178306154
11357	0.18145289007011647	0.7371478690660385	0.081399240863845
11358	0.06351552391289947	0.596172171404751	0.3403123046823495
11359	0.15827624006314356	0.6949515133307265	0.14677224660612995
11360	0.10044919961618924	0.8154883349084464	0.08406246547536445
11361	0.23331251108061205	0.6985551748504487	0.06813231406893926
11362	0.07908786623682712	0.831190086644647	0.08972204711852588
11363	0.11466386788040622	0.6723887813324749	0.21294735078711882
11364	0.10923097006393225	0.5789919747890265	0.3117770551470412
11365	0.12155020935519774	0.7718034169505242	0.10664637369427794
11366	0.12329826068609101	0.7391421231194976	0.1375596161944114
11367	0.2374095965275611	0.6879260752596773	0.07466432821276153
11368	0.11999389765769324	0.6348515946213324	0.24515450772097433
11369	0.1033195608741151	0.7895439336054172	0.10713650552046772
11370	0.19826254640419827	0.7240217714491918	0.07771568214660989
11371	0.07835508793434792	0.8355769446630273	0.08606796740262479
11372	0.13786302263111147	0.8048059507786678	0.057331026590220845
11373	0.10650179330387932	0.7334966524344314	0.1600015542616893
11374	0.18173004411021998	0.5846284597856717	0.23364149610410845
11375	0.14683644625212308	0.7411732533161196	0.11199030043175719
11376	0.09812761759777604	0.7517969266972293	0.15007545570499473
11377	0.20578123876478957	0.6497671392451606	0.14445162199004988
11378	0.2084967330356571	0.6405227010260345	0.15098056593830841
11379	0.12844151895606437	0.7459900577596037	0.1255684232843318
11380	0.20032447119909336	0.724530092433378	0.07514543636752878
11381	0.15429273568822147	0.6793998276930794	0.16630743661869918
11382	0.15819475496436722	0.7117623968960637	0.13004284813956912
11383	0.08430959307219114	0.8456770759064348	0.07001333102137404
11384	0.10950533061370243	0.6217307794046829	0.26876388998161466
11385	0.21951117686579646	0.6965065315787573	0.08398229155544616
11386	0.12267461056008429	0.7941385035945724	0.08318688584534327
11387	0.0900029035496494	0.7028154471789306	0.20718164927141994
11388	0.107758708171331	0.7940602197056141	0.09818107212305488
11389	0.11037764041067995	0.8013659618379937	0.08825639775132639
11390	0.12691930885214905	0.7466567774855104	0.1264239136623406
11391	0.10505344249983097	0.6931819710718776	0.20176458642829131
11392	0.10737196923249837	0.6750119875601256	0.21761604320737607
11393	0.11239707942788536	0.6995776819031265	0.1880252386689882
11394	0.11576093074692749	0.7726378981205922	0.11160117113248029
11395	0.15688914585460426	0.7559702773508077	0.08714057679458798
11396	0.23311653259414986	0.6712358855706669	0.09564758183518313
11397	0.10557959650303265	0.7356967611319986	0.15872364236496891
11398	0.23311653259414986	0.6712358855706669	0.09564758183518313
11399	0.10070872988726516	0.759382628094983	0.13990864201775183
11400	0.2041222606436657	0.6577125162954087	0.13816522306092552
11401	0.1372254171266848	0.7233364812750726	0.1394381015982427
11402	0.10845490382074081	0.5453164573100225	0.34622863886923655
11403	0.1364212127126157	0.7941012104297746	0.06947757685760973
11404	0.08233186082787962	0.7216171773483139	0.19605096182380646
11405	0.09672152357042146	0.7070367773413156	0.19624169908826303
11406	0.19765795232790775	0.7189671796134375	0.08337486805865481
11407	0.20022087316447001	0.6955166099920042	0.10426251684352572
11408	0.13929277265908188	0.7423668360229382	0.1183403913179799
11409	0.12849933262492041	0.6548991741747	0.2166014932003796
11410	0.21865891546291535	0.4872055173277401	0.2941355672093446
11411	0.21316048754973183	0.6238383051921211	0.1630012072581469
11412	0.16087652254599427	0.6613136056629433	0.17780987179106245
11413	0.22713048364312893	0.6203732844405586	0.15249623191631237
11414	0.129941136728247	0.7738488700083245	0.09620999326342844
11415	0.10879587293541587	0.5069655647816534	0.3842385622829307
11416	0.1321541283545453	0.7432890140717049	0.12455685757374979
11417	0.10513637139838994	0.5125970194772743	0.3822666091243357
11418	0.13892209664459265	0.7300045442547253	0.13107335910068227
11419	0.12028962676686794	0.7572847522521992	0.12242562098093292
11420	0.22519319290494436	0.6681284971433644	0.1066783099516912
11421	0.10007149159091781	0.41377129881234564	0.48615720959673664
11422	0.10618904465993478	0.8314526333260256	0.06235832201403957
11423	0.13661054995371694	0.6415412619898607	0.22184818805642237
11424	0.1373083696549375	0.6460522893329707	0.21663934101209184
11425	0.11659137222272199	0.7250348672671963	0.15837376051008167
11426	0.1512881594528612	0.7331831843338755	0.11552865621326334
11427	0.15864511702132864	0.7184470838850944	0.12290779909357698
11428	0.32714065380607504	0.617918812539187	0.054940533654738
11429	0.10419226749846505	0.4426462706181666	0.4531614618833683
11430	0.14989584227769354	0.6707976593903764	0.17930649833193013
11431	0.11873078764707556	0.6367049811491999	0.24456423120372447
11432	0.12285500866960596	0.6756311136230911	0.20151387770730278
11433	0.2037035901996859	0.7286816940180438	0.06761471578227037
11434	0.21096912529818224	0.570919307215184	0.21811156748663374
11435	0.16260644051011094	0.7181519789811511	0.11924158050873794
11436	0.08977396255122651	0.5996113476196693	0.3106146898291043
11437	0.11197916728302258	0.59049166692928	0.29752916578769745
11438	0.13008067351937988	0.7656042868281063	0.10431503965251382
11439	0.15099731451798332	0.4699111836048184	0.37909150187719814
11440	0.18341767055558947	0.6055284288058643	0.21105390063854612
11441	0.10991598854504164	0.590430735264233	0.2996532761907254
11442	0.13920631796293473	0.7734480126763739	0.08734566936069142
11443	0.10057502513065895	0.8111837181583671	0.08824125671097398
11444	0.16023853743244845	0.7610880753658414	0.07867338720171001
11445	0.10044919961618924	0.8154883349084464	0.08406246547536445
11446	0.09994107297143624	0.7753134497364993	0.12474547729206448
11447	0.12761806798108613	0.7957702101110797	0.07661172190783412
11448	0.08042859557143296	0.7177372233307837	0.20183418109778337
11449	0.0818972725440006	0.5308352654342983	0.3872674620217011
11450	0.11558080245764817	0.7044313230158781	0.17998787452647372
11451	0.11154810152065403	0.7620445309226244	0.12640736755672174
11452	0.12190992934277256	0.7958285951872072	0.08226147547002037
11453	0.2215598208993882	0.6834199340985411	0.09502024500207072
11454	0.11959955177241517	0.734682456034478	0.1457179921931067
11455	0.12195850455709756	0.7103088617911038	0.16773263365179866
11456	0.37592959184620095	0.5380078047720116	0.08606260338178746
11457	0.19725449358844438	0.5050389950598418	0.29770651135171383
11458	0.07664033291447163	0.6377290401312056	0.2856306269543228
11459	0.12799859727650353	0.637074097780578	0.2349273049429185
11460	0.13647414174193714	0.6015999123256673	0.26192594593239554
11461	0.1619498437149984	0.7583636129994725	0.07968654328552906
11462	0.18557184136211366	0.7026456785160794	0.11178248012180692
11463	0.12639516068391313	0.6632869592747034	0.21031788004138352
11464	0.12268536710319983	0.6756020099936934	0.2017126229031069
11465	0.10067704376274866	0.6983135981020322	0.20100935813521917
11466	0.2686943908677533	0.6374143843402448	0.09389122479200197
11467	0.14065402618803688	0.807102466001778	0.05224350781018509
11468	0.19285613684180458	0.7321310017444759	0.0750128614137195
11469	0.2202846976541717	0.7070792972288179	0.07263600511701031
11470	0.1219330955124218	0.7562538680271341	0.12181303646044417
11471	0.15963553532615674	0.7271483301083541	0.11321613456548914
11472	0.114305243604084	0.7522876147524622	0.1334071416434537
11473	0.1233423198718413	0.7460087402827568	0.13064893984540193
11474	0.1076085655336902	0.7461190104609196	0.14627242400539017
11475	0.1076085655336902	0.7461190104609196	0.14627242400539017
11476	0.16010035926122423	0.7587260015080243	0.08117363923075145
11477	0.18808735547316824	0.5345810671504805	0.2773315773763512
11478	0.2516506991413124	0.6684377392394024	0.07991156161928535
11479	0.09028524614598478	0.8171422267499118	0.09257252710410346
11480	0.1118409999340066	0.7982591890522871	0.0898998110137063
11481	0.15492594195837975	0.7430935824887008	0.10198047555291935
11482	0.1776735997385115	0.7168100746767868	0.10551632558470163
11483	0.1495078315733563	0.7031665332395812	0.14732563518706246
11484	0.12276937055088055	0.7660799367627789	0.11115069268634055
11485	0.14320946925043856	0.7597510426867755	0.09703948806278591
11486	0.1563538084221424	0.7525110973533451	0.09113509422451253
11487	0.09205520381188137	0.690688320305243	0.2172564758828757
11488	0.10035742090664529	0.6821871012283388	0.21745547786501584
11489	0.18668659490129694	0.7065619873302013	0.1067514177685019
11490	0.11631480233575049	0.7107108640796248	0.17297433358462477
11491	0.12466697486492025	0.746396680135261	0.1289363449998189
11492	0.17890451087635362	0.7338195424319193	0.08727594669172715
11493	0.17632814241873995	0.7470371880254773	0.07663466955578285
11494	0.12628023812885505	0.7658841504646157	0.10783561140652938
11495	0.1529918673935243	0.7377800256787855	0.10922810692769032
11496	0.20789518819015843	0.666172102723619	0.12593270908622253
11497	0.2654749349497824	0.653044125528348	0.08148093952186958
11498	0.11823620880813013	0.6027036570104317	0.2790601341814382
11499	0.11962887991533246	0.6297408289346185	0.25063029115004914
11500	0.15103665813433761	0.7688070835872566	0.08015625827840571
11501	0.12819233660587026	0.7296465312066919	0.14216113218743784
11502	0.1240106740777663	0.7165593495375141	0.15942997638471956
11503	0.18014875234613434	0.5341405992999512	0.28571064835391463
11504	0.22762575361445467	0.6210398283635518	0.15133441802199354
11505	0.17904126890956504	0.710037928383441	0.11092080270699407
11506	0.11309123362662064	0.7630817349396889	0.12382703143369046
11507	0.10256930430061638	0.7867734021442591	0.11065729355512448
11508	0.14765260066901945	0.7625989517572491	0.08974844757373146
11509	0.3603697276255416	0.5448088937076414	0.09482137866681704
11510	0.39071636232830365	0.5387152640832366	0.07056837358845974
11511	0.19108077126889178	0.5696610840193839	0.23925814471172435
11512	0.2087904598144008	0.5445335224570061	0.24667601772859302
11513	0.1851769436277182	0.7132924233752606	0.1015306329970214
11514	0.10381332832913594	0.5886529987052391	0.3075336729656249
11515	0.24909662998031715	0.6602427763447073	0.09066059367497559
11516	0.1847217874695342	0.6537341073870453	0.16154410514342044
11517	0.16003045725095927	0.7374359809588139	0.10253356179022678
11518	0.12081605864060252	0.7184580255541654	0.16072591580523207
11519	0.11372144805285968	0.723071074774126	0.16320747717301434
11520	0.25786133537764483	0.6261130835737944	0.11602558104856094
11521	0.17762463512121088	0.7313590312854131	0.09101633359337598
11522	0.18206003502674037	0.7337134288788193	0.08422653609444042
11523	0.17349342037543578	0.715051365922518	0.11145521370204625
11524	0.0801022665811877	0.6591214241955847	0.26077630922322753
11525	0.1902103756706094	0.6507666432440672	0.15902298108532342
11526	0.17911417042014852	0.585153866689176	0.23573196289067552
11527	0.18609346316287945	0.49417823852701676	0.3197282983101038
11528	0.2367880082995367	0.6405944132273189	0.1226175784731444
11529	0.17897551877856846	0.6579606998441311	0.16306378137730054
11530	0.09262895568059315	0.43542161960011194	0.47194942471929496
11531	0.14004193138212148	0.7502012976355026	0.10975677098237584
11532	0.12612968671029529	0.7485168596871726	0.12535345360253206
11533	0.1051385190607083	0.7787614555534094	0.11610002538588239
11534	0.36460629087801993	0.5595019134900264	0.07589179563195353
11535	0.1461256756937476	0.6278951917566051	0.22597913254964733
11536	0.08712442687129412	0.7908796434302379	0.12199592969846791
11537	0.14901964326828734	0.7400987693046588	0.11088158742705388
11538	0.08281211880796001	0.831823472145936	0.08536440904610398
11539	0.10744893690286055	0.8125854181756006	0.07996564492153897
11540	0.15043375878222767	0.6913139522516204	0.15825228896615187
11541	0.1636752232381203	0.7252083727409165	0.11111640402096325
11542	0.08293742948957074	0.7706364904198141	0.14642608009061517
11543	0.11215657709782674	0.7420322630721731	0.14581115983000006
11544	0.10576945399782235	0.8085560648017348	0.08567448120044291
11545	0.3320225858158832	0.5902158217773779	0.07776159240673898
11546	0.1665645905336405	0.7547612705563006	0.07867413891005899
11547	0.11505641940200688	0.7699130491519487	0.1150305314460443
11548	0.11342863971152943	0.624330752763598	0.26224060752487266
11549	0.09861602592358783	0.4314258451679396	0.4699581289084726
11550	0.1251821543756687	0.6969944009892167	0.17782344463511446
11551	0.16744351274472238	0.7344197330197799	0.0981367542354978
11552	0.11976953844712827	0.8006399598980503	0.0795905016548216
11553	0.13670405450900466	0.6701982019881033	0.19309774350289202
11554	0.10044919961618924	0.8154883349084464	0.08406246547536445
11555	0.1177725626490241	0.6710285547417675	0.21119888260920838
11556	0.11326668158115655	0.6034191582551952	0.2833141601636483
11557	0.12150464643613819	0.7407809128167568	0.1377144407471049
11558	0.09918088467725328	0.7935431826832833	0.10727593263946343
11559	0.10029122262077839	0.6636066766463872	0.2361021007328343
11560	0.19860700362873504	0.5788969121182422	0.2224960842530227
11561	0.11907662571359273	0.7528786492347672	0.12804472505164
