21257	0.22623623622811592	0.5874344658689585	0.18632929790292554
21258	0.1952687637745998	0.6676254533318918	0.13710578289350828
21259	0.2698395415614096	0.5191898283568331	0.21097063008175732
21260	0.1570833880601478	0.7368343106089478	0.10608230133090461
21261	0.2625704214451292	0.5188346728778577	0.21859490567701315
21262	0.28328107278242226	0.5069050315278405	0.20981389568973716
21263	0.1644608355379862	0.4821383871675929	0.35340077729442093
21264	0.11554054289454409	0.6881678835371631	0.19629157356829277
21265	0.1288931255771321	0.6817720105598033	0.1893348638630646
21266	0.14104020334047399	0.7178955832675068	0.14106421339201922
21267	0.14230056291327495	0.33565652237958804	0.522042914707137
21268	0.15600652064336926	0.7225299125846921	0.12146356677193844
21269	0.20839609600202816	0.6715227392514785	0.12008116474649326
21270	0.1167736098696714	0.6900095527324167	0.19321683739791187
21271	0.14181155809917653	0.6470065635651068	0.21118187833571667
21272	0.15531226365795955	0.6408969888632606	0.2037907474787798
21273	0.11829782513142144	0.780158666961199	0.10154350790737972
21274	0.3159798415491677	0.4786761872380072	0.20534397121282508
21275	0.33526221439778076	0.4558150112031001	0.2089227743991192
21276	0.33411267158196273	0.4869413203570449	0.17894600806099226
21277	0.2685677611227068	0.4968253405650378	0.2346068983122553
21278	0.17777402427980235	0.6068347490046124	0.21539122671558533
21279	0.4163754109233147	0.34059709222296636	0.24302749685371886
21280	0.2012528143028349	0.6348597029061928	0.16388748279097234
21281	0.25057531696025	0.5848118149041706	0.1646128681355796
21282	0.2358815304992317	0.33927873841817785	0.42483973108259043
21283	0.34990887488153893	0.41309153067938825	0.23699959443907273
21284	0.1565842014156941	0.6258904541502449	0.21752534443406102
21285	0.25821095340250283	0.5791769904025558	0.16261205619494135
21286	0.11097956861609105	0.7914343452977111	0.0975860860861978
21287	0.17221612313357437	0.7040752758561011	0.12370860101032462
21288	0.18287687269979622	0.5925020526282795	0.22462107467192424
21289	0.2157856574576675	0.5930769190449747	0.19113742349735774
21290	0.17557560216842863	0.6404238856639389	0.18400051216763247
21291	0.2010277613593864	0.6347600603765046	0.16421217826410903
21292	0.15424472106855855	0.6374581393222594	0.20829713960918217
21293	0.1643612090017575	0.6343074841524192	0.20133130684582326
21294	0.11579831333090047	0.38284626437592	0.5013554222931794
21295	0.10918061908622402	0.6023814030115882	0.2884379779021879
21296	0.11142442360162556	0.6896768873736284	0.19889868902474594
21297	0.14192763207338546	0.7440566767830763	0.11401569114353823
21298	0.13463696932175878	0.7604966597654162	0.10486637091282507
21299	0.17110936821514758	0.710508914064205	0.11838171772064739
21300	0.1753382533894963	0.6606640360901771	0.16399771052032663
21301	0.23318358394390773	0.596781260723708	0.17003515533238436
21302	0.23840496027827973	0.6656633391290517	0.09593170059266849
21303	0.17848082918320154	0.7411435235202313	0.08037564729656725
21304	0.29919152375389474	0.5152544517690193	0.18555402447708605
21305	0.25779532925510257	0.540539091053755	0.2016655796911424
21306	0.09755454630400857	0.7381811421977726	0.1642643114982188
21307	0.10785913503540752	0.7401817207755542	0.15195914418903803
21308	0.16771942391503195	0.6883890054609427	0.1438915706240253
21309	0.11353221898929888	0.6438740339204491	0.24259374709025208
21310	0.11161923541704045	0.48604557231201423	0.40233519227094533
21311	0.14452322362301445	0.6905990206011046	0.164877755775881
21312	0.08515649340213571	0.4505330709624618	0.4643104356354024
21313	0.1276680318498791	0.7689464204884987	0.10338554766162217
21314	0.18055002407983545	0.6852831051818501	0.13416687073831438
21315	0.40904727966973303	0.39799519361853036	0.19295752671173663
21316	0.2630337344328964	0.33434554614171524	0.40262071942538835
21317	0.36655644130483944	0.4710219877305473	0.16242157096461327
21318	0.09551165704851643	0.5897440737262138	0.3147442692252697
21319	0.19983192326873703	0.6331543949401424	0.16701368179112056
21320	0.1313355258598604	0.5917161134544476	0.276948360685692
21321	0.21043676812592424	0.47684746970157366	0.3127157621725021
21322	0.2471490979707134	0.5109539090733234	0.24189699295596334
21323	0.1951757738618031	0.7040591589876021	0.10076506715059486
21324	0.12777187780912838	0.7585856298081808	0.11364249238269097
21325	0.1395276726002579	0.6707647910644362	0.1897075363353059
21326	0.0930430832059365	0.7898173009568428	0.11713961583722077
21327	0.17252527989651903	0.6502130977646315	0.17726162233884954
21328	0.2197930805929805	0.5194311127291712	0.26077580667784833
21329	0.16548349479928604	0.48598717406609976	0.3485293311346141
21330	0.12383868150751559	0.5488903022950565	0.32727101619742793
21331	0.20868122707597733	0.42677228942574913	0.3645464834982735
21332	0.2672696423313777	0.5668046733563782	0.16592568431224405
21333	0.32386217771451015	0.5499207774144503	0.12621704487103944
21334	0.16018619694049704	0.5571390732169049	0.28267472984259795
21335	0.16018619694049704	0.5571390732169049	0.28267472984259795
21336	0.12177658282774963	0.6945401543874548	0.18368326278479555
21337	0.24479186457314803	0.6092870291152285	0.1459211063116235
21338	0.14032303051579328	0.601581751312981	0.25809521817122577
21339	0.10999655159236292	0.5269675417410375	0.3630359066665996
21340	0.12799623682200859	0.5912496328577183	0.28075413032027313
21341	0.18909953468714483	0.5451585389198039	0.26574192639305133
21342	0.09438467018029878	0.5399988961427321	0.365616433676969
21343	0.29606164580767635	0.464002124639559	0.23993622955276464
21344	0.35603279146351957	0.42948989923577324	0.2144773093007071
21345	0.2170748603408393	0.6522898083410514	0.13063533131810923
21346	0.27842995767906625	0.6446562145328062	0.07691382778812761
21347	0.13908527122508282	0.6716017191999238	0.1893130095749934
21348	0.192464352572272	0.7094246304853095	0.09811101694241853
21349	0.2513825557793155	0.6258180583296732	0.12279938589101129
21350	0.31410420389883026	0.5433069148076068	0.14258888129356276
21351	0.06565191676037824	0.8060913727123517	0.12825671052727003
21352	0.10546922663414693	0.7596531302476142	0.13487764311823885
21353	0.23191461349984568	0.6579221900778035	0.11016319642235067
21354	0.124032968920663	0.7660415901397138	0.10992544093962316
21355	0.20653597691841105	0.6771458585647449	0.11631816451684414
21356	0.20653597691841105	0.6771458585647449	0.11631816451684414
21357	0.3154170563153274	0.4629967401229524	0.2215862035617203
21358	0.3326961711120991	0.5507384585924492	0.11656537029545183
21359	0.3326961711120991	0.5507384585924492	0.11656537029545183
21360	0.11611460378445097	0.6166513752384479	0.26723402097710114
21361	0.14560304971782212	0.6695239360806392	0.18487301420153876
21362	0.08416178803097851	0.40242171062572424	0.5134165013432973
21363	0.1375864420452523	0.6128987934888436	0.24951476446590415
21364	0.5440176029313794	0.33636448798586	0.11961790908276064
21365	0.11226000451922132	0.7186908673166084	0.16904912816417036
21366	0.090134908546525	0.7592845809446981	0.15058051050877705
21367	0.13061650668809607	0.5026669776968214	0.36671651561508245
21368	0.186713138429753	0.5968400573066316	0.21644680426361548
21369	0.20514467809254877	0.48392121959963075	0.31093410230782054
21370	0.19903322800785359	0.6805824392251655	0.12038433276698095
21371	0.35457881134757135	0.4838247114658117	0.16159647718661704
21372	0.15429770796948641	0.6254940598384429	0.22020823219207067
21373	0.1819592446848899	0.5799790991339068	0.23806165618120345
21374	0.12468304134762905	0.7845000464578131	0.09081691219455786
21375	0.17474689875638347	0.7209853742406306	0.10426772700298605
21376	0.29590066185130676	0.4551723698374057	0.2489269683112875
21377	0.2936307356928658	0.44813175825949075	0.25823750604764345
21378	0.15820305148435884	0.7215868481705181	0.1202101003451231
21379	0.23424374796793157	0.6124434707485086	0.15331278128355988
21380	0.5706747305457363	0.27176366093632903	0.1575616085179347
21381	0.25470787637417	0.5819604174142441	0.1633317062115859
21382	0.11156406166028814	0.7546273394230174	0.13380859891669442
21383	0.2526881683106696	0.6216316313664794	0.12568020032285107
21384	0.10522297035027023	0.7191606314144604	0.17561639823526923
21385	0.1796365747507387	0.5679883840136637	0.2523750412355978
21386	0.21404876944419218	0.5628992912356438	0.22305193932016407
21387	0.2633534781875753	0.6179273865953451	0.11871913521707961
21388	0.20177096647434686	0.6434576503095092	0.15477138321614392
21389	0.24825872609343894	0.5926281974041584	0.1591130765024027
21390	0.128413011789139	0.7627540057974342	0.10883298241342675
21391	0.18218020242005548	0.7167827088525317	0.10103708872741281
21392	0.25450547575335275	0.5966894273639284	0.1488050968827189
21393	0.22395924121108002	0.5023934339959437	0.27364732479297627
21394	0.25040952205759787	0.5353830176586508	0.21420746028375134
21395	0.28963280689806165	0.5408048056084498	0.16956238749348854
21396	0.12011622551556901	0.6472889300528899	0.23259484443154102
21397	0.15517289026143494	0.6787757273887722	0.166051382349793
21398	0.09404739019636098	0.7308888954181337	0.17506371438550536
21399	0.2995402317869084	0.5821863834844447	0.11827338472864697
21400	0.14559318059816678	0.7018259447017986	0.1525808747000347
21401	0.10323219865062334	0.7385186503397811	0.1582491510095955
21402	0.15896510282985044	0.6957478616219817	0.1452870355481679
21403	0.12471782856776413	0.48617095643155855	0.3891112150006774
21404	0.16155605460490352	0.5167441779686417	0.32169976742645484
21405	0.09171085670561346	0.5576998592273622	0.3505892840670244
21406	0.09043727854658179	0.5242555159481125	0.3853072055053057
21407	0.04705547892053011	0.5214831794367014	0.4314613416427684
21408	0.06643006492021017	0.7647858026776954	0.16878413240209453
21409	0.15676318194513725	0.7350622443394191	0.10817457371544359
21410	0.15676318194513725	0.7350622443394191	0.10817457371544359
21411	0.18158147473073138	0.7181510874280533	0.10026743784121528
21412	0.18632033651618252	0.7154628470338875	0.09821681644992997
21413	0.26512798408805527	0.6106823415740291	0.12418967433791568
21414	0.1263048460263127	0.4368787156425453	0.4368164383311419
21415	0.16527578812229046	0.5704003223757655	0.264323889501944
21416	0.3282026351405256	0.5236698000254222	0.14812756483405232
21417	0.383224411832519	0.4768284851422635	0.13994710302521757
21418	0.4152922267369841	0.5080949624665502	0.0766128107964658
21419	0.3322023638446933	0.5221760628973113	0.14562157325799543
21420	0.38716410868548995	0.4954996970774191	0.11733619423709091
21421	0.19046284038592165	0.6874071316654334	0.12213002794864493
21422	0.24655409944797324	0.5876135972791107	0.165832303272916
21423	0.12492220884679617	0.7684070631759897	0.1066707279772141
21424	0.14975247212911436	0.7294417223180224	0.12080580555286312
21425	0.17305772788363927	0.689849744377101	0.1370925277392597
21426	0.18600719982750571	0.43940358626317216	0.37458921390932204
21427	0.18629673452239656	0.6287060380796603	0.1849972273979431
21428	0.18847074310925746	0.6677307648843018	0.14379849200644076
21429	0.24027966108222035	0.6229114237408785	0.1368089151769011
21430	0.14785998449798213	0.6352175958987973	0.21692241960322056
21431	0.09717400013969363	0.43326532125006323	0.4695606786102431
21432	0.3578919975190089	0.44921732326197134	0.1928906792190198
21433	0.15634506170260729	0.5918068916788264	0.2518480466185664
21434	0.11159747583790687	0.5473583196315773	0.3410442045305158
21435	0.16125880279713525	0.6769112465396728	0.16182995066319192
21436	0.19530424380707023	0.652872318349547	0.15182343784338284
21437	0.24560196141358834	0.5982045888007653	0.1561934497856465
21438	0.31576201907985196	0.4971353293549223	0.18710265156522587
21439	0.11955501503459585	0.5555839356421752	0.32486104932322885
21440	0.283233823465012	0.5710142288803435	0.14575194765464447
21441	0.1578721873884856	0.7285042596749424	0.11362355293657211
21442	0.1578721873884856	0.7285042596749424	0.11362355293657211
21443	0.2695728122604373	0.5300849255549885	0.2003422621845741
21444	0.39530869005917246	0.47964503236647094	0.1250462775743566
21445	0.12023896663820999	0.7273247924239188	0.15243624093787123
21446	0.18155438362108547	0.6852766322732466	0.13316898410566783
21447	0.23813238255189684	0.5573998331210538	0.20446778432704937
21448	0.2204587049702901	0.5589099623659846	0.22063133266372528
21449	0.15950944441369416	0.6323121567010884	0.20817839888521736
21450	0.15950944441369416	0.6323121567010884	0.20817839888521736
21451	0.09184329634468118	0.48353730112986	0.4246194025254588
21452	0.22034150284956389	0.6758962136832628	0.10376228346717338
21453	0.22034150284956389	0.6758962136832628	0.10376228346717338
21454	0.08594681119060647	0.8190623097831361	0.09499087902625743
21455	0.16278118779685222	0.6941597258295462	0.14305908637360157
21456	0.2100509024936967	0.6735274299125077	0.11642166759379557
21457	0.13368308189429412	0.7695157011173387	0.09680121698836719
21458	0.09418608484731354	0.38349919863478604	0.5223147165179004
21459	0.19047309775571805	0.656794335985709	0.15273256625857304
21460	0.19047309775571805	0.656794335985709	0.15273256625857304
21461	0.08911817468149984	0.719392065298285	0.19148976002021523
21462	0.4999786790277419	0.4145885100722595	0.08543281089999856
21463	0.148117984827696	0.7667529935364152	0.08512902163588887
21464	0.17328371683037833	0.5342599282075905	0.2924563549620312
21465	0.24248801581165322	0.6508931497251772	0.10661883446316968
21466	0.22399330608519	0.5832718262747038	0.19273486764010636
21467	0.10323359282148986	0.5143344491735785	0.38243195800493174
21468	0.1453994715072898	0.7035070331780052	0.15109349531470517
21469	0.21246583450924642	0.6220577251735303	0.1654764403172233
21470	0.2717086481488895	0.5670499161655378	0.16124143568557273
21471	0.2195365037149362	0.47402804903247303	0.3064354472525907
21472	0.10674873057929694	0.6434407982421693	0.24981047117853375
21473	0.06632456579778791	0.3842442156313884	0.5494312185708237
21474	0.11093262904887485	0.5202154214653044	0.36885194948582073
21475	0.1990282755003645	0.653065685140927	0.1479060393587085
21476	0.2139651363863506	0.6317167457833129	0.15431811783033647
21477	0.20597076359167776	0.5034068547067622	0.29062238170156013
21478	0.21999036514413972	0.6316309274988531	0.14837870735700717
21479	0.11556120625965856	0.5422849315996316	0.3421538621407098
21480	0.17177332373334428	0.6788875534273151	0.14933912283934067
21481	0.23350085076731963	0.5735745786298936	0.19292457060278678
21482	0.39094729878596673	0.46452998524156897	0.14452271597246433
21483	0.32161906958688885	0.5327702440283361	0.14561068638477495
21484	0.10121985580723691	0.8110134297483299	0.0877667144444332
21485	0.13560447189273747	0.7624818753621168	0.1019136527451458
21486	0.096417341101051	0.28318075782956037	0.6204019010693886
21487	0.09735868284203546	0.2823469721433722	0.6202943450145924
21488	0.08047894256293589	0.5253869508997054	0.3941341065373587
21489	0.09091637817647902	0.47942763796318094	0.42965598386034004
21490	0.13682006983671133	0.6218916084097271	0.2412883217535616
21491	0.2471932433483702	0.6140430506602884	0.13876370599134147
21492	0.2707617122849902	0.5997566236901264	0.1294816640248835
21493	0.2150815893691522	0.5960886603201375	0.18882975031071034
21494	0.295852367586409	0.5467934523315213	0.15735418008206964
21495	0.10611982127757348	0.7316751533813894	0.1622050253410369
21496	0.18111970263915964	0.708290014082524	0.11059028327831633
21497	0.11135997107636181	0.7075147044104501	0.18112532451318808
21498	0.23363778127301457	0.6449385542497929	0.12142366447719266
21499	0.12317901033841393	0.7859353773338361	0.09088561232775
21500	0.2762931422852253	0.49727163626486054	0.22643522144991426
21501	0.1253858065922473	0.6835724938351406	0.19104169957261208
21502	0.12495644150101287	0.7469008199536041	0.12814273854538313
21503	0.18720226728532943	0.665351151522946	0.14744658119172457
21504	0.23121491805535377	0.6303041935127673	0.1384808884318788
21505	0.22089829587205803	0.5552925574394462	0.22380914668849572
21506	0.22032240312028772	0.6626172986667317	0.11706029821298077
21507	0.15326495787511335	0.6883476398112212	0.15838740231366552
21508	0.12486054040602251	0.7028165086705944	0.17232295092338304
21509	0.16883112837392064	0.6545045199433988	0.1766643516826806
21510	0.14031712927553167	0.46696503179143517	0.3927178389330332
21511	0.13807818611427547	0.6935181913877312	0.16840362249799332
21512	0.13937086378125665	0.7136785410765089	0.1469505951422345
21513	0.23018040905677428	0.40056507915952705	0.36925451178369867
21514	0.26059018099798853	0.41417510628758913	0.32523471271442234
21515	0.11565916667099678	0.7868439124205872	0.09749692090841618
21516	0.1299895239813104	0.6215395824992372	0.2484708935194524
21517	0.29964364044612507	0.6211406458182652	0.0792157137356096
21518	0.0614514918695212	0.4539630771510284	0.4845854309794504
21519	0.21843373225311757	0.6644421528553252	0.11712411489155738
21520	0.24535292030462597	0.6415428878213736	0.11310419187400038
21521	0.18400672534104043	0.5237805461061386	0.2922127285528211
21522	0.18733023422472986	0.5556761619020589	0.2569936038732113
21523	0.6131521617038739	0.29961515100422087	0.08723268729190524
21524	0.09469351188336074	0.8086030346860386	0.09670345343060066
21525	0.1548927054037079	0.7307898863326914	0.11431740826360089
21526	0.3535239229618543	0.3532734875392101	0.2932025894989356
21527	0.2804126172561206	0.5866894670014523	0.13289791574242704
21528	0.10522297035027023	0.7191606314144604	0.17561639823526923
21529	0.14696299937881	0.7500114298233979	0.10302557079779218
21530	0.5187328020912348	0.31523283932499124	0.1660343585837739
21531	0.13036426762783812	0.7395829888196565	0.1300527435525054
21532	0.1177430461213419	0.6736191702424312	0.20863778363622676
21533	0.15418742246502745	0.7501998377285412	0.09561273980643144
21534	0.14697570327960072	0.7177738468492786	0.13525044987112075
21535	0.13986980297312238	0.5191502232225613	0.34097997380431627
21536	0.20346561456503906	0.6540033470584069	0.14253103837655393
21537	0.1333790441657118	0.6908496252233235	0.1757713306109645
21538	0.12665847156610766	0.6900448356264408	0.18329669280745153
21539	0.3274359990943509	0.5323089415469915	0.14025505935865767
21540	0.1292185778743307	0.707859443070281	0.16292197905538827
21541	0.294030597589989	0.6057868352376476	0.10018256717236333
21542	0.25239288235783963	0.3258122095233267	0.42179490811883363
21543	0.33268276702675326	0.4240968424517566	0.24322039052149017
21544	0.22092796602824183	0.5106964560258781	0.26837557794588013
21545	0.11355309563036403	0.6012720178682013	0.2851748865014346
21546	0.1154188446690384	0.7229905648917642	0.16159059043919746
21547	0.1782552512897627	0.488608802569241	0.3331359461409964
21548	0.13047554061518313	0.7281801323478471	0.14134432703696986
21549	0.6080236663565314	0.2898462102142336	0.10213012342923515
21550	0.10217472890240924	0.791681996288028	0.10614327480956276
21551	0.18391126348204878	0.6792515066730539	0.13683722984489746
21552	0.32183785310403135	0.45082172780400187	0.22734041909196676
21553	0.12963516198335068	0.750452956809804	0.11991188120684533
21554	0.15306565044583623	0.469772627110205	0.3771617224439588
21555	0.15502918730746285	0.31246711280215805	0.5325036998903792
21556	0.23160854185040436	0.4129329619878302	0.35545849616176545
21557	0.15566218334726853	0.4947368880765765	0.34960092857615493
21558	0.1862242003369703	0.5277424605943347	0.28603333906869494
21559	0.1853933661014723	0.33016140013325984	0.4844452337652679
21560	0.1551303076398192	0.7584507487376807	0.08641894362250012
21561	0.2938714538422836	0.5834550284608299	0.12267351769688654
21562	0.1289020893704151	0.7429340611504157	0.12816384947916915
21563	0.4515518924792476	0.35858974956159306	0.18985835795915937
21564	0.36377655563430245	0.513928886399721	0.12229455796597653
21565	0.18501075181938778	0.6814029360003898	0.13358631218022232
21566	0.18501075181938778	0.6814029360003898	0.13358631218022232
21567	0.2131571525799639	0.6733887128313912	0.11345413458864494
21568	0.16613439542510647	0.4770078659142019	0.35685773866069165
21569	0.13227933764716646	0.6155178853760473	0.2522027769767862
21570	0.24087240412716462	0.6509860129740522	0.10814158289878312
21571	0.15717226437065965	0.7378511349908766	0.10497660063846381
21572	0.1646853845241902	0.7246386562654831	0.11067595921032658
21573	0.27648671062547575	0.5169373261891481	0.20657596318537608
21574	0.23382966456488372	0.6169706430506593	0.14919969238445696
21575	0.13252309855642044	0.7261266297756483	0.14135027166793115
21576	0.09566530214662668	0.7967348715180798	0.10759982633529357
21577	0.13311835464492705	0.7360362190063898	0.1308454263486831
21578	0.13589030920069242	0.5530214578190105	0.31108823298029703
21579	0.17454377025502868	0.682933288499432	0.14252294124553938
21580	0.18955088716070023	0.6834721836188647	0.1269769292204349
21581	0.173498804680422	0.6823054901154709	0.1441957052041071
21582	0.20025296701047057	0.6744405296861865	0.12530650330334295
21583	0.1104121934273059	0.6954346194525679	0.19415318712012622
21584	0.26008617498268455	0.5423030099873387	0.19761081502997677
21585	0.1767925159513485	0.4462164353578996	0.3769910486907519
21586	0.12778005424793917	0.40885164769643856	0.46336829805562224
21587	0.21664520823530922	0.5098992686789621	0.27345552308572874
21588	0.2815632069905809	0.5662043940690117	0.15223239894040738
21589	0.16621138161876944	0.710195872841289	0.12359274553994153
21590	0.14961062244164605	0.7181478795971135	0.1322414979612404
21591	0.14282634088756338	0.5365715199275843	0.3206021391848523
21592	0.4163618339005721	0.46684801148822364	0.11679015461120433
21593	0.13610875949444	0.6996832349563084	0.16420800554925166
21594	0.2479869341381423	0.6039617114026419	0.14805135445921586
21595	0.35801594560705907	0.43770392819107035	0.2042801262018706
21596	0.3908319446433886	0.4183963707547708	0.1907716846018405
21597	0.16782611266667388	0.7152840376416693	0.11688984969165694
21598	0.30324807667921944	0.5905859031086252	0.10616602021215522
21599	0.135693422775525	0.7802637273164784	0.08404284990799644
21600	0.1651527033286644	0.65107643889392	0.18377085777741567
21601	0.23844325206315245	0.29171655622887743	0.46984019170797
21602	0.3441066288334477	0.37392016084577423	0.2819732103207781
21603	0.27802763192133784	0.4799298134177276	0.24204255466093452
21604	0.2661980157803188	0.4948892544874235	0.23891272973225766
21605	0.4203631116379465	0.4784165344262712	0.1012203539357824
21606	0.19870671392399464	0.5505866597726831	0.25070662630332236
21607	0.20150466390961794	0.5340316165636246	0.26446371952675757
21608	0.1885646267520327	0.5802822745881326	0.23115309865983458
21609	0.2400622987834861	0.6732000837524744	0.08673761746403935
21610	0.2797141232325446	0.6243448854802995	0.09594099128715594
21611	0.2435467595838328	0.6410785429581137	0.11537469745805352
21612	0.09650027157579215	0.42350653673082567	0.4799931916933822
21613	0.1804348973170157	0.6379608036087699	0.18160429907421438
21614	0.21407149121117805	0.6188129644768482	0.16711554431197373
21615	0.2817325126672184	0.539365925958359	0.17890156137442267
21616	0.28938204199465595	0.5335711904780419	0.1770467675273022
21617	0.1278375775121318	0.6496740416303372	0.2224883808575311
21618	0.12499460530494207	0.736332765210704	0.13867262948435402
21619	0.16060837682748821	0.5751809001464594	0.26421072302605225
21620	0.12433598383795848	0.610946072993075	0.26471794316896663
21621	0.15385332703766166	0.5752516011015256	0.2708950718608126
21622	0.15921779037046344	0.6841129907535649	0.1566692188759717
21623	0.23862143839245734	0.5272203908271416	0.23415817078040105
21624	0.15396274096342188	0.737744070148946	0.10829318888763212
21625	0.16955201653525442	0.7318941840139983	0.0985537994507471
21626	0.34916585241120374	0.45677361212018663	0.19406053546860966
21627	0.15241581309282096	0.6444433604379576	0.20314082646922152
21628	0.1756461920653328	0.7184331630201323	0.10592064491453497
21629	0.1798597518160171	0.5405202161417254	0.2796200320422575
21630	0.09397289396237096	0.45724031470098053	0.4487867913366485
21631	0.11580082227465292	0.6930436618561459	0.1911555158692011
21632	0.07738382265652606	0.41479595433782085	0.5078202230056531
21633	0.3636299051086868	0.450879933105322	0.1854901617859912
21634	0.40610630289022404	0.47102239260035494	0.12287130450942109
21635	0.21269515538203243	0.6802153934697799	0.10708945114818769
21636	0.1770108357334824	0.6400202569708009	0.18296890729571672
21637	0.17321151835152696	0.637742804588759	0.18904567705971412
21638	0.34594245879061486	0.4516610901825484	0.2023964510268367
21639	0.18736902703913394	0.6329339497575347	0.1796970232033314
21640	0.21593844373921875	0.5892639257923494	0.19479763046843188
21641	0.14437243767249644	0.7430004564367837	0.11262710589071993
21642	0.12777187780912838	0.7585856298081808	0.11364249238269097
21643	0.16185715388417118	0.6603755563865575	0.17776728972927117
21644	0.17129981045939077	0.657435302703694	0.17126488683691524
21645	0.22662109101294403	0.5351301658588912	0.23824874312816482
21646	0.31096542521855786	0.48844706888703376	0.2005875058944083
21647	0.14760290461458783	0.7402960315977851	0.112101063787627
21648	0.13227212241346925	0.7532737629144545	0.11445411467207618
21649	0.12633436500868103	0.7095402165022339	0.16412541848908518
21650	0.18280988803031517	0.5948570877567162	0.22233302421296866
21651	0.21421223633034406	0.6522514030117703	0.13353636065788574
21652	0.24396331844897934	0.6585558478490324	0.09748083370198825
21653	0.17223575518780118	0.60608865769369	0.22167558711850885
21654	0.18170898908165398	0.6579326395177909	0.16035837140055512
21655	0.1578251660454366	0.6717433449876496	0.17043148896691382
21656	0.20283553503732313	0.6260780665590325	0.17108639840364437
21657	0.15247276495379944	0.3754921217814771	0.47203511326472336
21658	0.18132364314166619	0.39055253203288753	0.42812382482544625
21659	0.2314742990364093	0.6125581810246054	0.1559675199389854
21660	0.11712405135619963	0.6519679834359723	0.23090796520782805
21661	0.11923806790277847	0.6425448461464277	0.23821708595079372
21662	0.13428611706258378	0.7408915961811818	0.1248222867562343
21663	0.303272589732723	0.5675148820542465	0.12921252821303053
21664	0.12158069498500829	0.736393784794542	0.1420255202204497
21665	0.16034140424235377	0.661195292265235	0.17846330349241116
21666	0.2640420920928079	0.6083269990301275	0.12763090887706457
21667	0.19729964847163073	0.5887492270429894	0.21395112448538
21668	0.30349057791716577	0.4640527641942045	0.23245665788862976
21669	0.17726179326569183	0.6483803812209362	0.17435782551337206
21670	0.1872670130102181	0.6632198830840859	0.14951310390569617
21671	0.11261476459090952	0.6834211664450422	0.20396406896404817
21672	0.13518960537991428	0.6425348409383369	0.22227555368174878
21673	0.2004617640046005	0.6291443527966035	0.17039388319879598
21674	0.276836992627457	0.6162378751765479	0.10692513219599513
21675	0.11068028752019117	0.7828648255392507	0.10645488694055809
21676	0.1184850904139509	0.6576889226925758	0.2238259868934733
21677	0.15574365637408008	0.6644132134330231	0.17984313019289677
21678	0.08796872780766374	0.40787800253389533	0.504153269658441
21679	0.16893226351136437	0.5470989726172117	0.28396876387142383
21680	0.20961183193119193	0.6199282047708378	0.17045996329797042
21681	0.29868824691721096	0.4961382736901472	0.20517347939264183
21682	0.18156925361546694	0.6423500364925657	0.17608070989196736
21683	0.170452303503046	0.7034147079103755	0.1261329885865787
21684	0.440871359506162	0.4781229214510035	0.08100571904283438
21685	0.1910135152263579	0.6959945255106756	0.1129919592629665
21686	0.2290843520717467	0.5745289967666025	0.19638665116165085
21687	0.25341239632727713	0.5387296282614669	0.20785797541125606
21688	0.26324276022380266	0.3869023414944987	0.34985489828169863
21689	0.361549603051363	0.5196784123726214	0.11877198457601572
21690	0.18638554809550875	0.6900381277094599	0.1235763241950314
21691	0.21741450031588302	0.5807459492687024	0.20183955041541468
21692	0.34220779081648045	0.36310603049832196	0.2946861786851976
21693	0.09340327255582725	0.43791275515908207	0.4686839722850906
21694	0.13189618973144565	0.6144426255185235	0.2536611847500308
21695	0.39593694095277376	0.4631888558829569	0.14087420316426938
21696	0.11113020639831102	0.7630603621192759	0.125809431482413
21697	0.16486519286936	0.6810480210615305	0.15408678606910953
21698	0.12134455768884946	0.7122604914278176	0.16639495088333314
21699	0.14224104186999187	0.675299700227864	0.18245925790214404
21700	0.18461252278946763	0.6252966466873673	0.19009083052316508
21701	0.34819993530162696	0.5643353181202934	0.08746474657807961
21702	0.17193528128794625	0.6041453376574578	0.22391938105459586
21703	0.21509985687070585	0.5456468563751748	0.23925328675411925
21704	0.15398721222971345	0.7207129150550257	0.12529987271526097
21705	0.12053569340813887	0.4967307699175811	0.38273353667428006
21706	0.18086390345146552	0.6239747830530851	0.19516131349544938
21707	0.2954955103233546	0.5374118558296413	0.1670926338470041
21708	0.18380460018673475	0.5283933975499537	0.28780200226331154
21709	0.11440453450328568	0.5766552242664075	0.3089402412303068
21710	0.1601397968372516	0.6792400773743993	0.16062012578834922
21711	0.403109119863515	0.4757714843066714	0.12111939582981378
21712	0.28002872821305785	0.5296655541384502	0.190305717648492
21713	0.3034388802082553	0.608802667141703	0.08775845265004169
21714	0.1248913742962086	0.7319963480781917	0.14311227762559964
21715	0.13175789087055903	0.665525860964097	0.20271624816534395
21716	0.18059363444328833	0.7049988734156948	0.1144074921410169
21717	0.19501518167494825	0.6914116482706806	0.1135731700543711
21718	0.2233170430511786	0.6137778850568886	0.1629050718919329
21719	0.09375953070664234	0.40203394672033593	0.5042065225730218
21720	0.1417012806352699	0.6150315946456826	0.24326712471904757
21721	0.14791813243424556	0.6729189160833475	0.179162951482407
21722	0.11362249850755551	0.7004990994009272	0.18587840209151718
21723	0.15433648011931841	0.6557568601982512	0.18990665968243034
21724	0.4535322538777007	0.41351302951449115	0.13295471660780808
21725	0.2650256844985895	0.3367468642831861	0.3982274512182244
21726	0.38481950269240234	0.44997417001574763	0.16520632729185006
21727	0.36473009039450627	0.3220846129916348	0.313185296613859
21728	0.15713531445992604	0.6638151063122727	0.17904957922780143
21729	0.1894534557255363	0.5855502085477414	0.22499633572672229
21730	0.20285423706035777	0.48190630355235453	0.31523945938728765
21731	0.2825846089683878	0.5610500976135783	0.1563652934180341
21732	0.17348203514805727	0.69241309808225	0.1341048667696926
21733	0.26278863844968253	0.5641479971112563	0.17306336443906115
21734	0.15776151234474364	0.6427256652876046	0.1995128223676517
21735	0.4487703884633149	0.4689433502642542	0.0822862612724309
21736	0.25043333984290306	0.30853588010134636	0.4410307800557505
21737	0.11518246025581952	0.3890533039413427	0.4957642358028376
21738	0.12070449520151456	0.7983982553293757	0.0808972494691097
21739	0.15940580913929533	0.7123453088937598	0.12824888196694495
21740	0.13182944788486997	0.7252406273837685	0.1429299247313615
21741	0.18698109775947838	0.6508007064558773	0.1622181957846444
21742	0.1324799192964133	0.7117543756247543	0.15576570507883242
21743	0.09740939975267578	0.7999707041149108	0.1026198961324135
21744	0.2754235930778229	0.577691684329626	0.14688472259255111
21745	0.19273565468694517	0.681883084842346	0.12538126047070877
21746	0.16830632867701914	0.7034439213078909	0.12824975001509
21747	0.22615633336296717	0.5829762574161164	0.1908674092209165
21748	0.2196823455477078	0.4303426312068708	0.34997502324542146
21749	0.31896091296525614	0.5355224000749658	0.14551668695977807
21750	0.2527357446642763	0.5014689182293682	0.24579533710635548
21751	0.10967976508914533	0.687410071869259	0.2029101630415957
21752	0.13407363237220052	0.7447757704286494	0.12115059719915013
21753	0.15715065780433035	0.647642188032976	0.19520715416269363
21754	0.22318572522802058	0.6262763160563052	0.1505379587156743
21755	0.10133643716159689	0.5533225617528404	0.34534100108556265
21756	0.173302709386027	0.6392390588986306	0.1874582317153423
21757	0.173302709386027	0.6392390588986306	0.1874582317153423
21758	0.24218416915568897	0.6378453910858196	0.11997043975849146
21759	0.1373494422139481	0.5950977012433317	0.26755285654272026
21760	0.2794531878573027	0.5952758460775878	0.12527096606510948
21761	0.3155927930744959	0.5500276259047034	0.13437958102080053
21762	0.2504270019582271	0.5756800664388454	0.17389293160292754
21763	0.14401601076735712	0.49900841034357984	0.3569755788890631
21764	0.2114536806293986	0.6828481446662505	0.10569817470435079
21765	0.11822979181685633	0.7223076509381515	0.15946255724499223
21766	0.3416618007386228	0.5586778539009405	0.09966034536043673
21767	0.14781061050209898	0.7330514827618405	0.11913790673606049
21768	0.2728230252892828	0.6081222095292631	0.11905476518145408
21769	0.28163034019027516	0.5961712235830567	0.122198436226668
21770	0.1907842961870221	0.543062236569558	0.26615346724341976
21771	0.20766662881738526	0.6250276295463436	0.16730574163627124
21772	0.11837091373533665	0.7109133049058737	0.1707157813587897
21773	0.2035660155118546	0.6724270657693111	0.12400691871883446
21774	0.15869707227050647	0.7725914100549048	0.0687115176745887
21775	0.24584684417247837	0.6671791816456115	0.0869739741819101
21776	0.1317543638812362	0.7350868449441575	0.13315879117460616
21777	0.13908279576777358	0.7639635676349239	0.09695363659730254
21778	0.30548905910125196	0.5616163449528689	0.13289459594587902
21779	0.3751845367130788	0.4828534029686891	0.1419620603182322
21780	0.20164945165489842	0.6662846150020223	0.13206593334307923
21781	0.12993924382045519	0.514621277113666	0.35543947906587886
21782	0.31366100870476626	0.5439848839824276	0.14235410731280607
21783	0.2813245376465158	0.4978169215280058	0.2208585408254784
21784	0.18472089841657188	0.654463211115998	0.16081589046743008
21785	0.16544368348468771	0.6976193579229545	0.13693695859235774
21786	0.16544368348468771	0.6976193579229545	0.13693695859235774
21787	0.2700845455068257	0.4790318697403959	0.2508835847527784
21788	0.14662987558616297	0.49200889353337124	0.36136123088046573
21789	0.15404698652662419	0.7405573402229088	0.1053956732504671
21790	0.18504014669709493	0.5877190799590207	0.22724077334388434
21791	0.29296842926880773	0.5293551359477963	0.17767643478339604
21792	0.33626052136809026	0.4843157471218708	0.17942373151003888
21793	0.10864921652179849	0.8065602628514026	0.08479052062679897
21794	0.2700809350187874	0.6449466593732857	0.084972405607927
21795	0.4019571560070781	0.39752475464241877	0.2005180893505032
21796	0.3444560857193257	0.47855249002517714	0.17699142425549722
21797	0.23737426107467083	0.5718347299385517	0.19079100898677756
21798	0.6308363804329005	0.23346191540886183	0.1357017041582378
21799	0.09543734304873071	0.587520136573929	0.3170425203773404
21800	0.11470363220419526	0.6086466200044934	0.2766497477913113
21801	0.32258684482325456	0.5532227743854644	0.12419038079128086
21802	0.24213731537122665	0.6218644142349344	0.13599827039383885
21803	0.25367163953483757	0.6285045437432881	0.11782381672187436
21804	0.27155229292995675	0.4284914766376436	0.29995623043239966
21805	0.2207951242542272	0.6778811436534049	0.10132373209236793
21806	0.2993168404801574	0.5961040157121276	0.1045791438077151
21807	0.16567746158774901	0.6492499499144617	0.1850725884977892
21808	0.19745803759946967	0.6259372810878779	0.17660468131265247
21809	0.10197745420942612	0.7789245568702211	0.11909798892035271
21810	0.11967579975126848	0.7801516872259082	0.1001725130228233
21811	0.3213716850572268	0.49612620525926526	0.1825021096835079
21812	0.4442515862934045	0.4322392991935839	0.12350911451301157
21813	0.20247730341521128	0.5692693995331628	0.22825329705162586
21814	0.2872383758212696	0.6312591601088388	0.08150246406989158
21815	0.08038466254524775	0.5383786718078816	0.38123666564687064
21816	0.19793289347204604	0.6571118798991699	0.1449552266287842
21817	0.21000329581611912	0.6568136030765904	0.13318310110729045
21818	0.3620687550100583	0.4170363745177427	0.22089487047219913
21819	0.3352282508651811	0.45776150183816694	0.20701024729665196
21820	0.18991113580828126	0.7165619948253634	0.09352686936635529
21821	0.26702140019306514	0.6189168693653564	0.11406173044157852
21822	0.26314227610868746	0.5769655966416193	0.15989212724969326
21823	0.10496260961760684	0.7036686526985547	0.19136873768383836
21824	0.28506171467765523	0.5361352759017918	0.17880300942055308
21825	0.20200285774747762	0.6669051336682822	0.1310920085842401
21826	0.12498386458945376	0.7265122588845013	0.14850387652604496
21827	0.15270999397914542	0.6779343024382967	0.1693557035825579
21828	0.2359929103047873	0.6431366662101842	0.12087042348502847
21829	0.17789548206655134	0.6828818902252052	0.13922262770824348
21830	0.13496527867073257	0.7648770735427393	0.10015764778652815
21831	0.21801821111805877	0.600051148425678	0.1819306404562632
21832	0.1963763409417091	0.7109847545676411	0.09263890449064989
21833	0.34436074132654	0.42957393330201765	0.22606532537144242
21834	0.10866490121084911	0.7105644317675295	0.18077066702162145
21835	0.17443507828337956	0.7261195862631863	0.09944533545343426
21836	0.15185627064868726	0.6105178830405054	0.2376258463108073
21837	0.15615610091524137	0.4965942544173522	0.34724964466740643
21838	0.19914907320886485	0.6839508338378013	0.11690009295333385
21839	0.14819374802832308	0.46652259696323534	0.3852836550084417
21840	0.1151966723939007	0.7279293756796147	0.15687395192648443
21841	0.24918712392957906	0.594318600998371	0.15649427507205008
21842	0.201037692275604	0.61091717826011	0.18804512946428598
21843	0.2075007849764227	0.660184812357032	0.13231440266654534
21844	0.11209538584755407	0.7800392413327981	0.10786537281964774
21845	0.1703974463687573	0.7480527781997566	0.08154977543148617
21846	0.20646396143163792	0.5707930134676498	0.2227430251007123
21847	0.2995865568525076	0.5985476018879089	0.10186584125958349
21848	0.14002000964559605	0.6365452695310746	0.22343472082332935
21849	0.10529032082406874	0.40519661869110885	0.4895130604848224
21850	0.33778264161195687	0.5686893739990762	0.09352798438896703
21851	0.10614907955866565	0.7587019199224256	0.13514900051890869
21852	0.12554638340197258	0.6959502893977597	0.1785033272002677
21853	0.22809343000051174	0.5725671239494048	0.19933944605008355
21854	0.32940090609839934	0.5225318810676475	0.14806721283395327
21855	0.14229338912148043	0.7349660798571699	0.12274053102134974
21856	0.17401989420293026	0.6942258746402251	0.13175423115684468
21857	0.1531808762831953	0.3929133711913526	0.4539057525254521
21858	0.11608310143838745	0.6987156051788354	0.18520129338277716
21859	0.11906433659918929	0.688320686411617	0.1926149769891936
21860	0.09940545033717398	0.47232692712997376	0.42826762253285233
21861	0.19737035033479935	0.6539748189168834	0.1486548307483174
21862	0.26457145481993893	0.3900039989325162	0.34542454624754476
21863	0.3494650688341229	0.506847983960716	0.1436869472051611
21864	0.10936522646319707	0.574558140156253	0.31607663338055
21865	0.15784345013343246	0.47233899244737865	0.36981755741918887
21866	0.3570312161982339	0.5326242444818442	0.11034453931992184
21867	0.1484388297622378	0.7294439914178841	0.12211717881987826
21868	0.16538867631719256	0.6938996775891969	0.1407116460936105
21869	0.16538867631719256	0.6938996775891969	0.1407116460936105
21870	0.15871266207435022	0.696662382882792	0.14462495504285758
21871	0.2697748453620663	0.4610313348821453	0.26919381975578843
21872	0.10011309679622571	0.7464970526973786	0.15338985050639575
21873	0.15074260391859576	0.6514157763840326	0.1978416196973717
21874	0.26753736726314287	0.5540315812553022	0.17843105148155494
21875	0.3077576314060775	0.4952640941034597	0.19697827449046287
21876	0.16744613213244372	0.6974087490937718	0.13514511877378424
21877	0.14031652451414042	0.44764666064368513	0.4120368148421744
21878	0.1810165773321831	0.5909325353247042	0.22805088734311263
