10941	0.15416713058773565	0.7094937441023944	0.13633912530986986
10942	0.23410444312907314	0.6629762919800593	0.10291926489086761
10943	0.08218114417973353	0.3486478862544679	0.5691709695657985
10944	0.18659946291611557	0.7170393413674521	0.09636119571643247
10945	0.2052791085008262	0.6372869900954602	0.1574339014037135
10946	0.22539402468647934	0.603898331530745	0.17070764378277564
10947	0.1891059796729614	0.49313845465177125	0.31775556567526736
10948	0.22175539739077985	0.5474395268643987	0.23080507574482154
10949	0.23987351839184265	0.6514303249107513	0.10869615669740604
10950	0.33198513118230344	0.45964900401577313	0.20836586480192326
10951	0.11863447902297226	0.554177424401178	0.32718809657584974
10952	0.11998797517209292	0.34554233788731453	0.5344696869405925
10953	0.16631059568812004	0.6412264352617816	0.1924629690500985
10954	0.07789841428038242	0.49494542905476135	0.42715615666485623
10955	0.12687689850649517	0.6743999451113859	0.198723156382119
10956	0.27537301180708373	0.6578413902110843	0.06678559798183198
10957	0.2982218306130226	0.6466013741319485	0.05517679525502895
10958	0.22143514984744114	0.6318371797816668	0.14672767037089204
10959	0.20403054484362323	0.6851208273032552	0.11084862785312147
10960	0.12068954925519239	0.6746970796177693	0.20461337112703842
10961	0.1053742824048142	0.5281020919766316	0.3665236256185543
10962	0.1678715358935454	0.6981638333780759	0.1339646307283788
10963	0.17768603956804413	0.7357196018602482	0.08659435857170768
10964	0.13418883145074906	0.552023440709905	0.3137877278393461
10965	0.2415831594486719	0.6976211947466807	0.06079564580464743
10966	0.11424117823750633	0.7390404261265723	0.14671839563592143
10967	0.14037878442285714	0.6639178266733626	0.19570338890378022
10968	0.10912752426279416	0.7464675071201746	0.1444049686170312
10969	0.15390793125037636	0.7431668699355066	0.10292519881411705
10970	0.14584145544559857	0.7555385218676102	0.09862002268679132
10971	0.12805758389978858	0.47991954486989535	0.39202287123031615
10972	0.12974464733064298	0.6845070099535737	0.18574834271578333
10973	0.12954934492760162	0.7298245341938885	0.14062612087850992
10974	0.11341788721692907	0.7563034326866096	0.13027868009646135
10975	0.12902135048549893	0.7082317098458057	0.1627469396686953
10976	0.12153739510043436	0.503146321986883	0.37531628291268265
10977	0.39641067253219137	0.4727969843466623	0.13079234312114632
10978	0.1566326449193669	0.6776392901274165	0.1657280649532166
10979	0.11473307443284368	0.4275687542913086	0.45769817127584767
10980	0.08945388533755701	0.40487720250143966	0.5056689121610033
10981	0.1363805592438418	0.5397827653360793	0.3238366754200791
10982	0.12226959181822943	0.7642747724108719	0.11345563577089858
10983	0.1379335860044277	0.7455754956406692	0.1164909183549031
10984	0.11275814017450814	0.7917692919641112	0.0954725678613807
10985	0.13488945677659592	0.7569356357749161	0.10817490744848811
10986	0.11637301313109145	0.7648250653972796	0.11880192147162895
10987	0.11601513493984394	0.5739047088126241	0.31008015624753194
10988	0.11945001288710715	0.7933412992913118	0.08720868782158106
10989	0.10254421009831909	0.49710192892678334	0.40035386097489756
10990	0.1915325432399857	0.6876408990908291	0.12082655766918518
10991	0.13886567214420212	0.7348642427299159	0.12627008512588198
10992	0.07751179545050275	0.5530851665929607	0.36940303795653645
10993	0.10176424481403314	0.4790512653948144	0.41918448979115247
10994	0.1572065926311313	0.7414351377357203	0.10135826963314833
10995	0.09497379632739222	0.4199216192692516	0.4851045844033561
10996	0.5324761702584042	0.37025734595730864	0.09726648378428715
10997	0.4722913031751275	0.4086600363751044	0.11904866044976818
10998	0.10658156089066206	0.5875127661880762	0.30590567292126186
10999	0.13698364185031875	0.6957887769346074	0.16722758121507386
11000	0.21435506583983063	0.5654709681328975	0.22017396602727174
11001	0.15720725626009327	0.7579314566179104	0.08486128712199634
11002	0.11276545809435087	0.7515296753528518	0.13570486655279748
11003	0.16534974592574916	0.6816605623686592	0.15298969170559157
11004	0.19908062244178082	0.6495776804833829	0.15134169707483627
11005	0.19908062244178082	0.6495776804833829	0.15134169707483627
11006	0.1443159522384813	0.7291436924621072	0.1265403552994115
11007	0.17417580385434173	0.7260271540437789	0.0997970421018793
11008	0.15838978518844787	0.7501598442114558	0.09145037060009636
11009	0.0997054473274202	0.6353107070296784	0.2649838456429014
11010	0.1512073415258621	0.7430272636314037	0.10576539484273413
11011	0.14967715533132842	0.7741590210963957	0.07616382357227588
11012	0.20535636012895386	0.7265629214072883	0.06808071846375788
11013	0.12399866773658175	0.7996831521322241	0.07631818013119417
11014	0.1425033081251654	0.7707764406440084	0.08672025123082615
11015	0.32035463145915327	0.6010733957515244	0.07857197278932229
11016	0.19566589494534983	0.6759592441844848	0.12837486087016534
11017	0.12611321607880283	0.7747252233078418	0.09916156061335539
11018	0.11818946915843605	0.7930368760140966	0.08877365482746737
11019	0.2508549229708382	0.6377542474857169	0.1113908295434449
11020	0.13114377076951442	0.45986094349829676	0.40899528573218896
11021	0.25713004106852094	0.6375591616595383	0.10531079727194072
11022	0.27092692338238006	0.6107371074876448	0.11833596912997521
11023	0.12619925433390017	0.7576738249980237	0.11612692066807612
11024	0.12954174955059033	0.6554539236612676	0.21500432678814205
11025	0.129420263904201	0.6439137154826752	0.22666602061312383
11026	0.12221573593589038	0.5749552713115181	0.30282899275259145
11027	0.16541734609974212	0.7396601134514494	0.09492254044880848
11028	0.20898638307064657	0.67968987406667	0.1113237428626834
11029	0.17745742133462913	0.7118808997206953	0.11066167894467555
11030	0.24236827129174002	0.6481172031659443	0.10951452554231562
11031	0.21867889524999606	0.6245360871217529	0.156785017628251
11032	0.08610188741688656	0.7468057600783928	0.16709235250472063
11033	0.1571599658476113	0.6463756235979352	0.1964644105544533
11034	0.1060375321241396	0.42849832294308626	0.46546414493277405
11035	0.09045703601993178	0.5329743373344126	0.3765686266456556
11036	0.10598460016902987	0.5012259142365854	0.39278948559438465
11037	0.10598460016902987	0.5012259142365854	0.39278948559438465
11038	0.09045703601993178	0.5329743373344126	0.3765686266456556
11039	0.14022632071823757	0.6261011935598079	0.2336724857219545
11040	0.3256182201730035	0.5295050019631533	0.14487677786384306
11041	0.20407096439047473	0.6933531323351401	0.10257590327438527
11042	0.31939499301472235	0.5698050518435657	0.11079995514171191
11043	0.0907973013837618	0.7503952296123402	0.15880746900389806
11044	0.07364799809525313	0.3045589191602284	0.6217930827445185
11045	0.18192903782142117	0.6910052703074778	0.127065691871101
11046	0.14990990397535944	0.7083984340013287	0.1416916620233119
11047	0.1388771719176222	0.6961424511306173	0.1649803769517604
11048	0.11276545809435087	0.7515296753528518	0.13570486655279748
11049	0.12704677233217987	0.7790501157483423	0.09390311191947785
11050	0.2637926995747992	0.6764624259689022	0.05974487445629872
11051	0.34626613766513126	0.5473212194395743	0.10641264289529448
11052	0.139124222690879	0.7123332885511209	0.1485424887580002
11053	0.08225264150274036	0.5690547910829941	0.34869256741426563
11054	0.11174874315076218	0.7407534655231827	0.14749779132605512
11055	0.10633778145507566	0.8025495207636899	0.09111269778123436
11056	0.11932296470416488	0.7882434576838062	0.09243357761202901
11057	0.14585270732711933	0.7902871808784522	0.06386011179442855
11058	0.1628414595380694	0.7388895799000121	0.09826896056191849
11059	0.2449396013814452	0.6279401937208184	0.12712020489773632
11060	0.14262541939202675	0.7379760591143654	0.11939852149360781
11061	0.17250693006968773	0.7012449326727566	0.12624813725755565
11062	0.21277610406482245	0.6453207948507648	0.14190310108441279
11063	0.1550317690121275	0.6748971338050366	0.17007109718283592
11064	0.27203752991559665	0.5416840994308106	0.18627837065359268
11065	0.3120085192192074	0.648161190158901	0.03983029062189151
11066	0.3221473846900328	0.6296981259129406	0.048154489397026747
11067	0.16563109402239642	0.6039903268882982	0.23037857908930537
11068	0.18209779718881147	0.6489197439447655	0.16898245886642305
11069	0.12657482892084562	0.7922442249407774	0.08118094613837698
11070	0.17657895105274127	0.6906434247173382	0.1327776242299205
11071	0.07333800126207962	0.4105083041725471	0.5161536945653733
11072	0.21609856785730908	0.6434225562768656	0.14047887586582528
11073	0.098546372785797	0.5964582683636509	0.30499535885055207
11074	0.1597614771033927	0.6544434390477614	0.18579508384884602
11075	0.10544040993626683	0.8081110352891516	0.08644855477458165
11076	0.17751784738153162	0.729052443368987	0.09342970924948137
11077	0.2578716117212599	0.6321309624916536	0.10999742578708654
11078	0.15789876425817936	0.6683252932209198	0.17377594252090087
11079	0.20112874387277085	0.6541585843139144	0.14471267181331485
11080	0.23456912215098008	0.6465359009840731	0.1188949768649468
11081	0.12320987825751775	0.4923402463996885	0.3844498753427937
11082	0.1097177730682177	0.6860380320940528	0.20424419483772954
11083	0.18878262783483146	0.6841904928487216	0.12702687931644702
11084	0.1737466561853991	0.7082425682221546	0.11801077559244626
11085	0.11354767479044153	0.49756352648029145	0.3888887987292669
11086	0.18209554763074381	0.7292382396481792	0.08866621272107691
11087	0.14506153443641712	0.7073849012901384	0.14755356427344452
11088	0.062094168584707635	0.30091613561500075	0.6369896958002916
11089	0.11121607311250235	0.5522086321480656	0.33657529473943215
11090	0.14520533760912557	0.7797083709015119	0.0750862914893625
11091	0.20463268049996472	0.613012163359716	0.18235515614031927
11092	0.10503690725521486	0.6081309144597092	0.28683217828507585
11093	0.10633778145507566	0.8025495207636899	0.09111269778123436
11094	0.16585949421008997	0.6815866829325152	0.15255382285739486
11095	0.17376686690885693	0.6716478595297308	0.15458527356141227
11096	0.1518659930632206	0.6750339418252979	0.17310006511148152
11097	0.11233594704034493	0.5161254741306208	0.3715385788290343
11098	0.16369288239471314	0.6529602620826184	0.18334685552266847
11099	0.17660782375969716	0.7532699886528654	0.07012218758743738
11100	0.18667028711146053	0.647775007214758	0.16555470567378147
11101	0.11086162354675369	0.6606294988550377	0.22850887759820837
11102	0.1341170501677984	0.6926628320673007	0.17322011776490084
11103	0.15264131204334486	0.7570183282483299	0.09034035970832514
11104	0.1910884427159189	0.6937007245476458	0.1152108327364353
11105	0.18064058716873033	0.7152078901814898	0.10415152264978002
11106	0.11074851586549503	0.7569097704894507	0.1323417136450543
11107	0.17684788701929377	0.5403254779923937	0.28282663498831256
11108	0.380591107148609	0.5585703945334155	0.060838498317975505
11109	0.1642329765077497	0.6822483569214646	0.1535186665707857
11110	0.14326667861543987	0.7086924700348356	0.1480408513497245
11111	0.14468909133037294	0.7696213608209669	0.08568954784866022
11112	0.12443101778094245	0.7176319956337892	0.15793698658526836
11113	0.16824775862144098	0.7302223512451735	0.10152989013338555
11114	0.11913827213802015	0.7873563821476058	0.09350534571437402
11115	0.1376427825924516	0.7810085945147759	0.08134862289277249
11116	0.25431201799064285	0.6397313098727817	0.1059566721365755
11117	0.29522170361774847	0.6160762837569738	0.08870201262527769
11118	0.07979499989591651	0.4010250811144588	0.5191799189896248
11119	0.09300786954033163	0.5963536861186768	0.31063844434099164
11120	0.15426913129564193	0.7337338038137731	0.11199706489058499
11121	0.11928445921390766	0.793918450292094	0.08679709049399839
11122	0.3137494338611614	0.568992634057515	0.11725793208132365
11123	0.09555262226980177	0.6948095584765084	0.20963781925368977
11124	0.13842535800165395	0.7473662043835724	0.11420843761477362
11125	0.13846772296357654	0.722757186795755	0.1387750902406685
11126	0.1328628844628548	0.7563933240157463	0.11074379152139893
11127	0.06804417415251797	0.4300101742379383	0.5019456516095437
11128	0.1751444506435409	0.5525895467735806	0.2722660025828784
11129	0.17628094783691664	0.7278206785388428	0.09589837362424049
11130	0.13576760139176766	0.5425358416155319	0.3216965569927003
11131	0.17273782366211918	0.5038165812067298	0.3234455951311509
11132	0.1718777548594179	0.6269845606218961	0.201137684518686
11133	0.1183417815028266	0.688002958082846	0.19365526041432743
11134	0.20953072480079799	0.7286857965524169	0.061783478646785024
11135	0.13363812862548902	0.6601138332463959	0.20624803812811504
11136	0.0725800954492159	0.4492297690850324	0.4781901354657518
11137	0.27161961575354926	0.6036796860404947	0.1247006982059561
11138	0.06496385627107981	0.4669667774272573	0.4680693663016629
11139	0.09877649466790335	0.768340195999552	0.13288330933254466
11140	0.15186221203412065	0.6435020609524476	0.20463572701343175
11141	0.12005194404267394	0.6889432095347339	0.19100484642259216
11142	0.22606181696583433	0.6405097528812983	0.13342843015286734
11143	0.1337669422091989	0.7556739355998933	0.1105591221909078
11144	0.1530537977551314	0.7262181647633695	0.12072803748149909
11145	0.12131973289294402	0.725321708108383	0.15335855899867293
11146	0.12938357328116698	0.7185490104195608	0.15206741629927234
11147	0.31618683318951646	0.6014389104931653	0.0823742563173182
11148	0.24162680251473212	0.6478401165735185	0.1105330809117494
11149	0.23892504755820754	0.6657446216290116	0.0953303308127808
11150	0.5720037534241585	0.3657728783118953	0.06222336826394616
11151	0.4007714705242129	0.48235797399457186	0.11687055548121528
11152	0.2810957847405959	0.6294033806034746	0.08950083465592958
11153	0.1562830465523516	0.5250982256576109	0.3186187277900375
11154	0.13505095661515915	0.7988283761258937	0.06612066725894708
11155	0.12680258966269764	0.4598243275455297	0.41337308279177276
11156	0.05657499749435488	0.3839149585782309	0.5595100439274142
11157	0.11875434506951957	0.7449174336900092	0.13632822124047134
11158	0.06598179353291792	0.4142716215637582	0.5197465849033238
11159	0.12797777191584025	0.638137039402699	0.23388518868146083
11160	0.1034181121164758	0.48458899151445534	0.4119928963690689
11161	0.04104794908524909	0.29382254138730096	0.66512950952745
11162	0.16534974592574916	0.6816605623686592	0.15298969170559157
11163	0.1737475744116392	0.6530153233801136	0.17323710220824726
11164	0.14202911655362327	0.7353448570190427	0.12262602642733399
11165	0.10299161344243785	0.7498957829641856	0.14711260359337655
11166	0.09771350938787565	0.4962988905104567	0.4059876001016677
11167	0.14736236833052715	0.7162586141894456	0.1363790174800273
11168	0.23136441918532138	0.6552268988898573	0.1134086819248213
11169	0.20102088786239938	0.6301060444646602	0.16887306767294025
11170	0.22622782574459913	0.6741571441613693	0.09961503009403165
11171	0.16052786269172525	0.7145749981144375	0.12489713919383728
11172	0.1317326395034255	0.6480817632196714	0.22018559727690315
11173	0.178312631134429	0.7313201453055028	0.09036722356006813
11174	0.08114639693200551	0.6532647701746088	0.26558883289338575
11175	0.1990890381707765	0.5260167358242852	0.2748942260049382
11176	0.09555394181610598	0.7339672230665596	0.17047883511733447
11177	0.16392318798698588	0.683781328074711	0.15229548393830297
11178	0.1544250187009271	0.5257700363061958	0.31980494499287715
11179	0.17073739272906147	0.6532032417088042	0.17605936556213433
11180	0.21879108488530608	0.5863782162572327	0.1948306988574612
11181	0.17733542726886886	0.7270514302323364	0.09561314249879478
11182	0.17006965473325486	0.6835895171101348	0.1463408281566103
11183	0.054068105058586995	0.24524562883162823	0.7006862661097848
11184	0.077320922180321	0.37813099918680804	0.544548078632871
11185	0.1526838662194854	0.7297719515742704	0.11754418220624412
11186	0.1526838662194854	0.7297719515742704	0.11754418220624412
11187	0.17889871782700342	0.6233681729448116	0.19773310922818502
11188	0.16204108732649938	0.647356380348347	0.19060253232515356
11189	0.2310104431725981	0.672719726784379	0.09626983004302286
11190	0.13412918361543155	0.6298718011674079	0.2359990152171605
11191	0.08393586721277861	0.4819619888217929	0.4341021439654285
11192	0.2034931954620499	0.6921274627972596	0.1043793417406906
11193	0.11228947037527867	0.49931271987236203	0.3883978097523592
11194	0.12014028153018542	0.7766672212891509	0.10319249718066369
11195	0.09724537673445056	0.7680714936715997	0.13468312959394982
11196	0.1649634731346464	0.7492313055420172	0.08580522132333636
11197	0.15690723395330056	0.7279759182558949	0.11511684779080458
11198	0.19648352814120537	0.6644013321278155	0.13911513973097916
11199	0.3679065431843286	0.544772087210616	0.08732136960505547
11200	0.25633787278448356	0.6089484588839303	0.13471366833158607
11201	0.11857468211475328	0.6526814985728289	0.22874381931241788
11202	0.14003507430396817	0.7994748449107366	0.060490080785295317
11203	0.12522272733917622	0.7014200052605379	0.17335726740028584
11204	0.1567797993282504	0.6576644946335224	0.18555570603822724
11205	0.16307972627224757	0.7045462358063292	0.1323740379214232
11206	0.17089632883554015	0.7420995334016278	0.08700413776283199
11207	0.16615383945837148	0.7349417964706291	0.09890436407099938
11208	0.123994685074702	0.511137013517855	0.3648683014074428
11209	0.1428725723753373	0.6579746432930055	0.1991527843316572
11210	0.10782155849816556	0.8004269413090983	0.09175150019273605
11211	0.08888204015198631	0.6599676629437767	0.25115029690423685
11212	0.1013294880057475	0.6790213639397598	0.21964914805449293
11213	0.12073644747621798	0.6915994457637582	0.1876641067600238
11214	0.12363650300552861	0.514495584864185	0.3618679121302863
11215	0.18650486315281775	0.6622792075726293	0.15121592927455293
11216	0.12261622368216017	0.7682676124893266	0.10911616382851315
11217	0.20066166288486775	0.6495977896739857	0.14974054744114654
11218	0.19055493771162596	0.6925306995414033	0.11691436274697065
11219	0.10163239887562962	0.6869855345008804	0.21138206662349002
11220	0.21412215723814276	0.6806288548998392	0.10524898786201815
11221	0.13374874838879944	0.6679399531037209	0.19831129850747953
11222	0.23131405874425207	0.635339669227914	0.13334627202783395
11223	0.08126467912240372	0.7950466936525827	0.12368862722501353
11224	0.11867591593692287	0.6424087074451672	0.23891537661790993
11225	0.27573140174683586	0.6244713558519794	0.09979724240118466
11226	0.23007683100319548	0.6487225908572496	0.12120057813955498
11227	0.06659638536133941	0.47989329620750687	0.45351031843115364
11228	0.1529110080610043	0.73063929851038	0.11644969342861579
11229	0.1090682530198015	0.6425151308216596	0.24841661615853888
11230	0.19128478482780456	0.6397304084865408	0.16898480668565452
11231	0.1484853353381134	0.5871567427819385	0.26435792187994805
11232	0.374617061418324	0.5140827479950931	0.11130019058658293
11233	0.1152317533788574	0.7942944101626583	0.09047383645848425
11234	0.20604997098935415	0.6187492666708266	0.17520076233981924
11235	0.27079753003046214	0.5874340350998096	0.14176843486972826
11236	0.10917129377480773	0.6814487017170863	0.2093800045081061
11237	0.13978700346539658	0.710759275335395	0.1494537211992084
11238	0.10514288404654437	0.5826174237294028	0.31223969222405284
11239	0.1432241246135438	0.7553860998567467	0.10138977552970953
11240	0.06556294578117969	0.45865375253529683	0.47578330168352356
11241	0.13818954336419118	0.66137135827473	0.20043909836107887
11242	0.14454235062920864	0.6333075476970045	0.22215010167378704
11243	0.15811800171863885	0.3119071696860236	0.5299748285953376
11244	0.11276545809435087	0.7515296753528518	0.13570486655279748
11245	0.14640144291633742	0.7465727479976897	0.10702580908597288
11246	0.21676963246432862	0.7033315673449527	0.07989880019071866
11247	0.26964436214756365	0.5914616212529196	0.13889401659951675
11248	0.08818285696083329	0.5269768823114054	0.3848402607277614
11249	0.212935564718374	0.6859347515023045	0.10112968377932142
11250	0.09912791138618425	0.6340813860707335	0.26679070254308224
11251	0.17305730290557944	0.6485090322914768	0.17843366480294376
11252	0.12012302685816555	0.7897549028009161	0.09012207034091838
11253	0.150790987621104	0.7591429176316081	0.09006609474728783
11254	0.1296235620021784	0.7805799157266382	0.08979652227118332
11255	0.3688227899673817	0.5493053219406113	0.08187188809200696
11256	0.2843162035388945	0.6463085818513694	0.06937521460973603
11257	0.16719833613121174	0.6261194991540231	0.20668216471476517
11258	0.16080888750556055	0.5035189142957686	0.3356721981986709
11259	0.13610921785069108	0.7401884293495627	0.12370235279974613
11260	0.22643092793592418	0.6860278155093172	0.08754125655475858
11261	0.2065980141463502	0.7034571630139622	0.08994482283968763
11262	0.12392491169697421	0.7281328487670923	0.14794223953593358
11263	0.1174664032292737	0.7668078822376063	0.11572571453311993
11264	0.19845793680762625	0.6832871146059826	0.11825494858639125
11265	0.2673012689831327	0.6131195074129742	0.11957922360389316
11266	0.12056777027752363	0.7328085328504571	0.14662369687201923
11267	0.1404830444764102	0.6080258221344913	0.25149113338909856
11268	0.12971988832148135	0.623724235471589	0.24655587620692967
11269	0.21771285599764945	0.5700996998674196	0.2121874441349309
11270	0.10627547082140573	0.4435862313649547	0.4501382978136396
11271	0.21478469748081397	0.6804597056605926	0.10475559685859344
11272	0.1552399497339921	0.7185606703947188	0.12619937987128904
11273	0.26653595410613506	0.58855317927372	0.14491086662014496
11274	0.06802236948389169	0.400494164605659	0.5314834659104493
11275	0.15895518321153704	0.6896857895056794	0.15135902728278358
11276	0.13166066926131562	0.8025532093202078	0.06578612141847653
11277	0.14177999891960683	0.6558289231498358	0.2023910779305575
11278	0.18769733922379525	0.6925081658775132	0.11979449489869151
11279	0.14704193054673306	0.686093084599215	0.16686498485405188
11280	0.218001306429525	0.5897249151891995	0.19227377838127546
11281	0.21867084775883563	0.7120913388632274	0.069237813377937
11282	0.12799776248677358	0.7693611223580586	0.10264111515516774
11283	0.11196537541680839	0.7944250143896338	0.09360961019355789
11284	0.15583632299302275	0.6755118924857616	0.1686517845212156
11285	0.15729107186580338	0.703335192641083	0.13937373549311358
11286	0.22247787703146318	0.6715913440461548	0.10593077892238192
11287	0.127933766058999	0.6373165182637827	0.2347497156772184
11288	0.18917938288695835	0.7244114186069661	0.08640919850607552
11289	0.13333574460547362	0.7529897802614371	0.1136744751330892
11290	0.08280590303687947	0.49154280699058434	0.4256512899725362
11291	0.3771495724291611	0.51657551425541	0.10627491331542901
11292	0.4829070438596881	0.44197709336380103	0.07511586277651082
11293	0.21053273431588124	0.6790444924828408	0.11042277320127795
11294	0.20111015818385386	0.6439304000353745	0.15495944178077167
11295	0.11608489640619428	0.6778718979322566	0.2060432056615491
11296	0.16389175828031974	0.6739364114935438	0.1621718302261366
11297	0.1871320773657757	0.6437621929694951	0.1691057296647292
11298	0.12783818800914268	0.7616399330713186	0.11052187891953869
11299	0.1129202274073536	0.7791984939807699	0.10788127861187656
11300	0.1437732028526876	0.7065849990059723	0.1496417981413401
11301	0.14328038189441547	0.505307659742669	0.3514119583629155
11302	0.13600300587643432	0.7731657921919142	0.09083120193165146
11303	0.11285892106815677	0.7254225557144136	0.16171852321742966
11304	0.11516128841297316	0.8049329883564056	0.07990572323062117
11305	0.148822446255782	0.768870950402048	0.08230660334217005
11306	0.12335552566058362	0.7020260566656447	0.1746184176737717
11307	0.26226645889407596	0.6299105511536307	0.10782298995229332
11308	0.14231464496187013	0.6301706078177671	0.2275147472203628
11309	0.12700461555305664	0.6386528754128155	0.23434250903412782
11310	0.11784532773307824	0.5830666309622212	0.2990880413047005
11311	0.16380792265427566	0.7026817705849598	0.13351030676076453
11312	0.15374532648517208	0.7353231871367976	0.11093148637803031
11313	0.12938734700893412	0.709801913305009	0.16081073968605694
11314	0.12415135898501733	0.784917832064687	0.09093080895029564
11315	0.17596969758943767	0.7171653910247298	0.10686491138583262
11316	0.4637295733743922	0.47592490408560695	0.06034552254000083
11317	0.12111748989895102	0.8106733243909785	0.0682091857100705
11318	0.5609599385371826	0.3580222404146365	0.0810178210481809
11319	0.44684490554971307	0.4332693381923782	0.11988575625790872
11320	0.15820717889565905	0.723329570341441	0.11846325076289997
11321	0.16418675557392023	0.7328609242285041	0.1029523201975757
11322	0.22741051255150224	0.6817054853247184	0.09088400212377931
11323	0.25364109045951383	0.6548068577502282	0.09155205179025803
11324	0.14649491792324804	0.724383109299432	0.12912197277731996
11325	0.3307494396246848	0.6135402528132333	0.05571030756208206
11326	0.34838809599794535	0.5874167444057619	0.06419515959629277
11327	0.16891840317228	0.6792154538691011	0.151866142958619
11328	0.19654850097839915	0.712223407984924	0.09122809103667681
11329	0.09020862711562029	0.5001163958014786	0.409674977082901
11330	0.133873231574013	0.712223651118702	0.15390311730728495
11331	0.13162317650075125	0.7085818914110127	0.159794932088236
11332	0.19249288052429092	0.684217722635944	0.12328939683976503
11333	0.15720725626009327	0.7579314566179104	0.08486128712199634
11334	0.16729424280357194	0.7000464985926712	0.13265925860375685
11335	0.10397599337573143	0.6812087683374833	0.21481523828678517
11336	0.19993360401542065	0.5816205461807489	0.2184458498038305
11337	0.11021723286485334	0.75846352941448	0.13131923772066662
11338	0.407517743834907	0.5196925944630258	0.07278966170206712
11339	0.14155681956924476	0.7700590182999166	0.08838416213083852
11340	0.31767053704425435	0.6111918651061017	0.07113759784964394
11341	0.12212416643402475	0.7711144174951065	0.10676141607086878
11342	0.2149329402532297	0.6580047960216446	0.12706226372512575
11343	0.1924805911119332	0.6930376541271314	0.11448175476093539
11344	0.08259336968021516	0.6873347285004779	0.23007190181930684
11345	0.16534974592574916	0.6816605623686592	0.15298969170559157
11346	0.2888418020908231	0.622089608305849	0.08906858960332781
11347	0.232461336402681	0.6790970498397486	0.08844161375757051
11348	0.35691791239542037	0.5623975804643628	0.08068450714021672
11349	0.16798470730313314	0.5865646620155773	0.24545063068128964
11350	0.16746863681994556	0.6214367896802409	0.2110945734998135
11351	0.08026582633793171	0.3516433717922277	0.5680908018698406
11352	0.12135245433854484	0.5926503066261568	0.28599723903529817
11353	0.12734088607679886	0.7788559086897914	0.09380320523340971
11354	0.19930177712478417	0.6855583579006537	0.11513986497456213
11355	0.1122704108472911	0.4699681362457446	0.4177614529069641
11356	0.13202011998121446	0.46549201194639694	0.40248786807238845
11357	0.31301089561310663	0.5777108702047272	0.10927823418216603
11358	0.04539600097588701	0.48790304650780814	0.4667009525163047
11359	0.15345159764340283	0.718920791707064	0.12762761064953312
11360	0.06157147210673395	0.25312929856966815	0.6852992293235979
11361	0.262169424552602	0.6595544484474832	0.07827612699991482
11362	0.11380365819934363	0.8044721002960342	0.08172424150462224
11363	0.11143090110430794	0.5295033122354555	0.3590657866602366
11364	0.07503877571019581	0.2304391110015454	0.6945221132882589
11365	0.16115155394441766	0.7449492019438043	0.09389924411177805
11366	0.18432552169321323	0.6618061758917042	0.15386830241508254
11367	0.16273461899862954	0.7458382900963394	0.09142709090503101
11368	0.08795973785022071	0.665055179346096	0.24698508280368314
11369	0.08893229364575049	0.7119453701174581	0.19912233623679157
11370	0.3288303821578457	0.5512590117888926	0.11991060605326173
11371	0.08656421105916548	0.5307852536224497	0.38265053531838505
11372	0.13610135440360147	0.7906533145581862	0.07324533103821235
11373	0.15184094332695255	0.776012961669914	0.07214609500313343
11374	0.12605380122161808	0.4953773248039664	0.37856887397441547
11375	0.14430569194369378	0.7219016432321371	0.133792664824169
11376	0.10202484438097006	0.5239777496169173	0.3739974060021126
11377	0.1450254476497935	0.6861577416389298	0.16881681071127666
11378	0.16943272649943528	0.6543827571549821	0.17618451634558266
11379	0.09824784034979117	0.4443469985136942	0.45740516113651464
11380	0.11446850049201501	0.8062735417675297	0.0792579577404552
11381	0.10945538764700406	0.7656323647791659	0.12491224757383013
11382	0.14065937748261784	0.726473777337948	0.1328668451794342
11383	0.14192510139581277	0.7601400769117628	0.09793482169242448
11384	0.11800399576173339	0.6649098553178134	0.21708614892045325
11385	0.14599444605598635	0.7137103944299809	0.1402951595140327
11386	0.16039453739136214	0.6952317650013593	0.14437369760727853
11387	0.16653000506516294	0.5670799636936708	0.26639003124116645
11388	0.18458583120171926	0.6888181243551396	0.1265960444431412
11389	0.1561479018468024	0.7211335202470809	0.12271857790611672
11390	0.16035945629099657	0.6439250755354317	0.19571546817357174
11391	0.10483289544279861	0.7030762469781295	0.1920908575790718
11392	0.08983227540928525	0.7352693524367881	0.17489837215392667
11393	0.1319330967838144	0.6637433137849073	0.20432358943127832
11394	0.13785273344740656	0.7645162115261891	0.09763105502640432
11395	0.19664142599742737	0.6452526244057781	0.15810594959679447
11396	0.1561144496757857	0.7492067710111499	0.09467877931306445
11397	0.12477708030400435	0.7382693541152769	0.13695356558071872
11398	0.13350706399594184	0.7516023448222062	0.11489059118185195
11399	0.14434817780907966	0.7406739903335474	0.11497783185737287
11400	0.10985671800151108	0.7818622607142681	0.10828102128422079
11401	0.13289593850623105	0.5542497048360895	0.3128543566576796
11402	0.08515557073495345	0.3579249061856804	0.5569195230793662
11403	0.11229616619450329	0.34003571643997565	0.5476681173655209
11404	0.15194606891748447	0.6391315594941621	0.2089223715883535
11405	0.18722194539332493	0.6281871077518094	0.18459094685486568
11406	0.15795752363711127	0.7442030143885607	0.09783946197432801
11407	0.3156722857351557	0.47299325933454944	0.21133445493029504
11408	0.16345993232962416	0.5364347402824147	0.30010532738796103
11409	0.13776711260359883	0.5526415678041197	0.30959131959228153
11410	0.18696661102453885	0.6707151628191069	0.14231822615635414
11411	0.33608374933952423	0.5364333117710574	0.12748293888941833
11412	0.18421683704989356	0.6276232278049974	0.18815993514510915
11413	0.14743674475483165	0.7559853616680904	0.09657789357707797
11414	0.14544371442193998	0.7691063041201393	0.08544998145792068
11415	0.11998797517209292	0.34554233788731453	0.5344696869405925
11416	0.18868492582583016	0.6630829166091172	0.14823215756505256
11417	0.11091069307258694	0.39800379134963126	0.4910855155777818
11418	0.13950195439505444	0.6852068080796445	0.175291237525301
11419	0.1399656386305074	0.7415136090048224	0.11852075236467018
11420	0.27105523166718587	0.6458484839024988	0.08309628443031544
11421	0.11370528970438254	0.5029092754676908	0.3833854348279268
11422	0.15815922153484563	0.7536038543146213	0.088236924150533
11423	0.18437674619669875	0.6460783027390257	0.16954495106427556
11424	0.19886878854546555	0.6732532016788576	0.12787800977567695
11425	0.1553707329928124	0.720108081732781	0.12452118527440663
11426	0.14003159369355123	0.7190239068940308	0.14094449941241793
11427	0.14524317921216712	0.6776771716168036	0.17707964917102917
11428	0.48943509056705176	0.478845748283438	0.03171916114951029
11429	0.09349666504172191	0.31682944164505883	0.5896738933132192
11430	0.18917938288695835	0.7244114186069661	0.08640919850607552
11431	0.1440974229259824	0.6738843015876671	0.1820182754863505
11432	0.17616956604974188	0.6311192306120483	0.19271120333820985
11433	0.25289796200958337	0.6418803012056601	0.10522173678475658
11434	0.17137315290272045	0.6628987790740283	0.1657280680232513
11435	0.16473560818514796	0.7306166420758904	0.10464774973896163
11436	0.09616365033388667	0.5122794982297484	0.39155685143636487
11437	0.0573286336904466	0.3610927381299223	0.581578628179631
11438	0.10582886035975463	0.6627160874983226	0.23145505214192275
11439	0.10519121376657804	0.3384527370849223	0.5563560491484997
11440	0.1418859848126264	0.4581826541529479	0.3999313610344257
11441	0.10328456037469823	0.5588476350749897	0.3378678045503121
11442	0.14764486662076692	0.7542711288677437	0.09808400451148935
11443	0.1980417673953054	0.6010559691854186	0.20090226341927597
11444	0.25727294505562104	0.641925907851575	0.10080114709280401
11445	0.06157147210673395	0.25312929856966815	0.6852992293235979
11446	0.1685330044403342	0.7334810667700479	0.09798592878961787
11447	0.1267852362770588	0.7900820246854104	0.0831327390375308
11448	0.15557108497415134	0.7232971956658351	0.12113171936001368
11449	0.09182700240595335	0.5053782053447242	0.4027947922493225
11450	0.16643271982226146	0.7205013016847502	0.11306597849298841
11451	0.10347881144919145	0.7177894269114585	0.17873176163934998
11452	0.25624888027464054	0.6709781627959894	0.07277295692936998
11453	0.34726295686501546	0.5866133608037879	0.06612368233119657
11454	0.07961409295836507	0.59660299932718	0.3237829077144549
11455	0.12026633054703355	0.587937153337605	0.2917965161153616
11456	0.14247884068865888	0.7355896914844525	0.1219314678268885
11457	0.2263709638483411	0.4089474608987572	0.3646815752529017
11458	0.07619472267839451	0.5733689157915384	0.3504363615300672
11459	0.1196504654841394	0.654201730365108	0.2261478041507526
11460	0.13696587901781754	0.6922694989021765	0.170764622080006
11461	0.15615956097429742	0.7332550589627119	0.11058538006299072
11462	0.347774573132495	0.5922983682324436	0.059927058635061384
11463	0.15423577222118406	0.6844993316527191	0.16126489612609682
11464	0.19498205915768985	0.6760446299867081	0.12897331085560193
11465	0.16286776888635832	0.6450177440482872	0.19211448706535447
11466	0.16022952452930803	0.7035433922445044	0.13622708322618768
11467	0.31412022256711114	0.6153697230264283	0.07051005440646052
11468	0.18490778058922758	0.725352980378235	0.08973923903253737
11469	0.1810721004575561	0.7438861096889254	0.07504178985351843
11470	0.06543454720578158	0.8208310304815064	0.11373442231271201
11471	0.16534974592574916	0.6816605623686592	0.15298969170559157
11472	0.14690184020357808	0.6626708230330286	0.19042733676339324
11473	0.1965926170372656	0.5974662505320832	0.20594113243065118
11474	0.12604767604831713	0.7669808912560647	0.1069714326956182
11475	0.13347315621885195	0.7759578417348084	0.09056900204633961
11476	0.3514112333633367	0.566563084318366	0.0820256823182974
11477	0.07035139623436949	0.3150573403557987	0.6145912634098318
11478	0.11415780081219169	0.7453802726095727	0.14046192657823559
11479	0.09892423107512964	0.8290108256897486	0.07206494323512179
11480	0.2043926591675045	0.7395328791595982	0.056074461672897355
11481	0.1787613979133837	0.7169945720964729	0.10424402999014354
11482	0.20537550077670744	0.6887535590660709	0.10587094015722169
11483	0.1581320248699033	0.6910718100732062	0.15079616505689059
11484	0.14626261283828737	0.7138918066258337	0.139845580535879
11485	0.17622073745237313	0.6757682576268709	0.14801100492075597
11486	0.1651149260508046	0.7020785658569861	0.1328065080922092
11487	0.09906769470658443	0.7508823584314253	0.15004994686199033
11488	0.11671543397261976	0.7238834554464137	0.1594011105809664
11489	0.17858999639563947	0.7312296447262819	0.09018035887807861
11490	0.11647396970383517	0.6769325049089991	0.2065935253871657
11491	0.1436749884397377	0.6618340878879236	0.19449092367233878
11492	0.13817420826346544	0.756568793776338	0.10525699796019655
11493	0.1528745244995899	0.7108979567205268	0.13622751877988326
11494	0.10394121551500468	0.7681557806261308	0.12790300385886463
11495	0.13800813986199725	0.7059216128418238	0.15607024729617908
11496	0.14837468560195036	0.715505507117634	0.13611980728041562
11497	0.12657126726583556	0.7675375548715607	0.1058911778626038
11498	0.06097185959302346	0.37952391638070143	0.5595042240262751
11499	0.0708443004439294	0.354278038303977	0.5748776612520935
11500	0.15979230024075072	0.5483121383463517	0.29189556141289746
11501	0.11807853564185827	0.7737998477225247	0.10812161663561694
11502	0.09750607047160299	0.7780666635841446	0.12442726594425249
11503	0.07855615477674925	0.5596497979781915	0.36179404724505926
11504	0.3298784497457391	0.5836723485190015	0.08644920173525937
11505	0.23001087388607008	0.6507003637928521	0.11928876232107785
11506	0.19492269233071396	0.6922113338980421	0.11286597377124391
11507	0.12974860024802856	0.7246488201741398	0.1456025795778317
11508	0.12027814089070854	0.733469734635342	0.14625212447394947
11509	0.4805487231477342	0.43076886988067137	0.08868240697159445
11510	0.5310600290068568	0.3947714509908261	0.07416852000231726
11511	0.13201794197774175	0.5924355633399987	0.2755464946822595
11512	0.1611819893904313	0.5525872536667952	0.28623075694277345
11513	0.2699554238434349	0.6318733621978723	0.09817121395869277
11514	0.1011184853357197	0.5066947603818194	0.39218675428246097
11515	0.17776590156711836	0.6767337334002428	0.14550036503263886
11516	0.17470198296849448	0.6928632452038178	0.13243477182768773
11517	0.13705751820286483	0.7302714892611294	0.1326709925360057
11518	0.1030507409110719	0.5022439867474269	0.3947052723415012
11519	0.10705688049322055	0.5369988217388822	0.35594429776789727
11520	0.19977205803551448	0.6695459197461227	0.1306820222183628
11521	0.22468866585438932	0.656675540113284	0.11863579403232667
11522	0.20034913559312326	0.6691647567756175	0.13048610763125928
11523	0.14884307737027244	0.7418805932713575	0.10927632935837006
11524	0.1277477441703652	0.7455305046630789	0.12672175116655593
11525	0.16402305040005327	0.7102138672258821	0.1257630823740647
11526	0.15234407878865874	0.5981576962626485	0.24949822494869286
11527	0.14490464393768862	0.5779468219393658	0.2771485341229456
11528	0.18655340777564053	0.715427723902208	0.09801886832215158
11529	0.1699959081824356	0.6287185937420159	0.20128549807554855
11530	0.06932860251779747	0.34799382096089476	0.5826775765213077
11531	0.18577900581214934	0.7044298078256501	0.10979118636220059
11532	0.2029297084286287	0.6731514904685251	0.12391880110284631
11533	0.17060276361210414	0.6955879744694669	0.1338092619184291
11534	0.25408380575609985	0.6463008496953596	0.09961534454854058
11535	0.17385704911177885	0.7336574398237716	0.0924855110644495
11536	0.13475330195589835	0.7440462389940676	0.12120045905003411
11537	0.1545214434582398	0.7167744168612304	0.12870413968052968
11538	0.11660722084567365	0.7304023431847142	0.15299043596961218
11539	0.1550759696839869	0.7237295878664155	0.1211944424495976
11540	0.2006669250337886	0.6624538616345056	0.13687921333170583
11541	0.4147409881613894	0.44940935767747253	0.13584965416113812
11542	0.06811757773830648	0.43154126490846956	0.5003411573532239
11543	0.13552496841923356	0.6596110450996887	0.20486398648107768
11544	0.11354288545896012	0.7424795568160918	0.1439775577249481
11545	0.13587349128349419	0.767198207769505	0.09692830094700076
11546	0.15909637183285935	0.7078950061608951	0.13300862200624566
11547	0.13359215371541563	0.7350605438377996	0.13134730244678483
11548	0.11521592105671331	0.5694580599915967	0.31532601895169
11549	0.0905215450625498	0.4686399672136943	0.44083848772375595
11550	0.13450147848169944	0.6733996242424087	0.19209889727589197
11551	0.20396458900484152	0.5956296686861706	0.20040574230898778
11552	0.23601805630033731	0.6893130834624575	0.07466886023720531
11553	0.23166892693763932	0.6429994235663664	0.12533164949599437
11554	0.08186879011775906	0.3820536056390345	0.5360776042432064
11555	0.30712876674363293	0.5886906281134152	0.10418060514295188
11556	0.09275653344620893	0.37827161288191	0.528971853671881
11557	0.10061686414018	0.712158299073316	0.1872248367865041
11558	0.12825629996597845	0.4308667446253177	0.44087695540870386
11559	0.05086729772899293	0.4547955795360392	0.4943371227349679
11560	0.16957238707110892	0.7275377178464295	0.1028898950824615
11561	0.1543042808802151	0.6433630994136669	0.20233261970611816
