30902	0.07816147498504973	0.609735347673512	0.3121031773414383
30903	0.1399711327132059	0.6430028884472941	0.21702597883950006
30904	0.13248032598189155	0.4959993945509324	0.3715202794671761
30905	0.5956600229065597	0.2946474847733235	0.10969249232011687
30906	0.3177292583590278	0.6318114407276306	0.050459300913341554
30907	0.3704968584119905	0.5336370883462123	0.09586605324179731
30908	0.2912442180208261	0.3720554264038723	0.3367003555753015
30909	0.10565657592992446	0.3614203697493427	0.5329230543207328
30910	0.05205451205707148	0.3148071590664599	0.6331383288764686
30911	0.25266615698772754	0.7024062559796836	0.0449275870325887
30912	0.28490389489347895	0.6618993766622858	0.053196728444235196
30913	0.07124943897596266	0.6064074222037602	0.32234313882027715
30914	0.11075721734029864	0.6131522552972091	0.27609052736249234
30915	0.22020939612626866	0.6734252757979391	0.1063653280757922
30916	0.2541682389534903	0.46418166140083006	0.2816500996456797
30917	0.32688741663544607	0.6108582211295815	0.062254362234972445
30918	0.25888297191994475	0.6410475714875473	0.10006945659250789
30919	0.12356964557297856	0.6598534796470642	0.21657687477995724
30920	0.12693144651943755	0.8291977989810905	0.043870754499471865
30921	0.25817001842597453	0.5674835595611042	0.17434642201292128
30922	0.38504896835388686	0.2634732253740608	0.35147780627205233
30923	0.06115375302896142	0.5137975302350425	0.42504871673599603
30924	0.07827962217187644	0.8485773646841218	0.07314301314400164
30925	0.08810788329915277	0.4644250331983946	0.44746708350245257
30926	0.11521130491592753	0.5372996830403979	0.3474890120436746
30927	0.1297195227287986	0.44193003503354844	0.4283504422376529
30928	0.24416916984479128	0.7072301137269835	0.04860071642822519
30929	0.21409124769082685	0.5549858268855259	0.2309229254236472
30930	0.18181073066423584	0.6445498947006606	0.17363937463510348
30931	0.2027883439019548	0.6682432905142862	0.128968365583759
30932	0.3174479570887833	0.6040824723209616	0.0784695705902551
30933	0.1951483148569777	0.6355824410756656	0.16926924406735658
30934	0.20840398796849172	0.3567271348711694	0.43486887716033884
30935	0.3486767425488984	0.37008850410667327	0.28123475334442827
30936	0.268919342921126	0.6890577643263623	0.04202289275251168
30937	0.272406188992445	0.6096069810235045	0.11798682998405048
30938	0.12486687482815677	0.7491132287058592	0.12601989646598405
30939	0.2906742938748917	0.518947632635746	0.19037807348936234
30940	0.12354902801529204	0.27546119928593343	0.6009897726987745
30941	0.30056600769327857	0.4602598561284035	0.23917413617831795
30942	0.12488452082590595	0.6208946377831356	0.2542208413909584
30943	0.2043707106800563	0.6488098603801015	0.14681942893984223
30944	0.1476711544398317	0.8210704705406524	0.03125837501951587
30945	0.2159117255956943	0.45804348958976054	0.3260447848145452
30946	0.33173275109421235	0.5014096841513694	0.16685756475441826
30947	0.1753207489704651	0.22188507585149356	0.6027941751780413
30948	0.2693467720802109	0.2348490307947145	0.4958041971250747
30949	0.5322053635509972	0.38628151007576195	0.08151312637324083
30950	0.4169459608850097	0.46819472562259595	0.11485931349239444
30951	0.25082615191797536	0.5011453005985735	0.24802854748345116
30952	0.14174939103489428	0.812407250237516	0.0458433587275896
30953	0.13644769638852375	0.516519314865375	0.3470329887461014
30954	0.25645421062980217	0.5914590304395162	0.15208675893068163
30955	0.10277310798479866	0.32400913155531946	0.5732177604598819
30956	0.19177895741426712	0.36104257854249483	0.44717846404323813
30957	0.12411114957197689	0.35203379052348627	0.523855059904537
30958	0.33839818560847174	0.5115326973228492	0.15006911706867895
30959	0.23403472837555275	0.6905017237839383	0.07546354784050906
30960	0.1644930634200419	0.7443426090220164	0.09116432755794159
30961	0.18647967278309519	0.4815819247308515	0.3319384024860534
30962	0.2895870588120437	0.5360083942719304	0.17440454691602605
30963	0.11847794796411937	0.20893624560354515	0.6725858064323355
30964	0.12395633428050147	0.6683495691457679	0.2076940965737307
30965	0.17667004310429682	0.6053250777159622	0.21800487917974087
30966	0.3985897864715167	0.4605895830099527	0.14082063051853055
30967	0.03929418476721885	0.5876496791900215	0.3730561360427596
30968	0.21916326927096375	0.6006937985878434	0.1801429321411928
30969	0.09004718046090159	0.5950509731992343	0.3149018463398641
30970	0.17174726713422458	0.3226477683598588	0.5056049645059165
30971	0.372440806374229	0.6048540139878514	0.02270517963791957
30972	0.2585501276704996	0.57313566398247	0.16831420834703048
30973	0.37367770959749924	0.4555680930786205	0.1707541973238802
30974	0.32200635707267056	0.5019713458810928	0.17602229704623662
30975	0.16045042852005836	0.677712937151007	0.1618366343289347
30976	0.39146314770639706	0.582875247650347	0.025661604643255804
30977	0.3639785315299153	0.4356146279404793	0.20040684052960547
30978	0.32265545563739995	0.43271086726636226	0.24463367709623776
30979	0.16465286989890912	0.7743986650555299	0.06094846504556101
30980	0.41131893677558073	0.47559211553280917	0.11308894769161008
30981	0.4921369753085188	0.4041672026069896	0.10369582208449168
30982	0.16713170206777708	0.7256751351948063	0.10719316273741657
30983	0.07619711254876695	0.5556619878776621	0.36814089957357093
30984	0.6246148888845039	0.33517767929176817	0.04020743182372799
30985	0.3640520566348449	0.5450554275470999	0.09089251581805513
30986	0.16939000072457236	0.41384477402307723	0.41676522525235044
30987	0.426868590142287	0.47364253486574714	0.09948887499196589
30988	0.26947116059841625	0.6271401750775492	0.1033886643240345
30989	0.2673719831511101	0.7004115911910441	0.03221642565784564
30990	0.29200508685632337	0.6706481313653022	0.03734678177837442
30991	0.1640539488316499	0.767840732365591	0.06810531880275894
30992	0.311305729186555	0.5587497911085707	0.12994447970487435
30993	0.15112222596245392	0.3685686959841674	0.4803090780533787
30994	0.20949644573589954	0.7211503384489458	0.06935321581515475
30995	0.19863821552123148	0.6640633220337085	0.13729846244505994
30996	0.44575577076959	0.410499775743729	0.14374445348668113
30997	0.16671939258838475	0.5830951717970584	0.25018543561455686
30998	0.11116520436915622	0.6922297795805443	0.19660501605029954
30999	0.393893944935827	0.5103324354104547	0.09577361965371829
31000	0.43256313986934325	0.4257643325502512	0.14167252758040558
31001	0.13869421415025637	0.7798144160936354	0.08149136975610828
31002	0.34533854104299905	0.6161012823866333	0.03856017657036761
31003	0.3937043414843678	0.5330878484431202	0.0732078100725121
31004	0.35364840622970023	0.3987281866041328	0.24762340716616701
31005	0.3786716235283129	0.31186042301161776	0.30946795346006933
31006	0.09128800704418372	0.20259097074520827	0.706121022210608
31007	0.18437462080544145	0.6602944350566063	0.15533094413795215
31008	0.24083377074443904	0.4934505422980231	0.26571568695753783
31009	0.1375282099855384	0.6867823842079658	0.17568940580649586
31010	0.17716062400922436	0.7752415787096578	0.047597797281117904
31011	0.09583490267664868	0.23713709420642623	0.667028003116925
31012	0.4492897567841594	0.4403005634095074	0.11040967980633316
31013	0.40144467631731895	0.44217083816833164	0.1563844855143494
31014	0.2724472671123403	0.4087173145388105	0.3188354183488491
31015	0.32945896484377396	0.5339103167284216	0.13663071842780442
31016	0.18718516643694158	0.6960495252930139	0.11676530827004457
31017	0.2987047492627947	0.47767035997016505	0.22362489076704017
31018	0.30930892911494734	0.5713279513763125	0.11936311950874022
31019	0.22665609551139165	0.4996482396325112	0.27369566485609714
31020	0.1142775023186345	0.5731754617596633	0.31254703592170224
31021	0.25783563366884615	0.7150327163969825	0.027131649934171276
31022	0.3928118931055001	0.5470416362050288	0.06014647068947113
31023	0.49830318624180064	0.2282849632612186	0.27341185049698075
31024	0.2992791205480685	0.5082313604418646	0.19248951901006692
31025	0.2983059210288898	0.6305176724940718	0.07117640647703845
31026	0.1350557662081168	0.777062123163351	0.08788211062853223
31027	0.3149762080631142	0.5330969240282432	0.15192686790864263
31028	0.2157246036220004	0.6972845556812831	0.08699084069671653
31029	0.05723988067610639	0.839004413323088	0.10375570600080558
31030	0.1339140258121408	0.6030901645640725	0.2629958096237867
31031	0.12114561695832375	0.6720635592348474	0.20679082380682887
31032	0.20728313951117247	0.7437257619327161	0.04899109855611141
31033	0.20375770188738887	0.548070784150945	0.24817151396166612
31034	0.3213343772857223	0.5789991906052159	0.09966643210906177
31035	0.48352345270326463	0.46531684140597207	0.051159705890763275
31036	0.17052514032400104	0.4758797513539997	0.35359510832199925
31037	0.3051098426760394	0.5385431043416147	0.15634705298234594
31038	0.10593856403981498	0.6057813283064416	0.28828010765374334
31039	0.12199555841088405	0.714027858917971	0.16397658267114498
31040	0.24305501355850123	0.6405393793307157	0.11640560711078303
31041	0.31819970702253303	0.6172072441506741	0.06459304882679277
31042	0.16761949922157807	0.29700248380431465	0.5353780169741073
31043	0.17485878945547026	0.6976035759839488	0.12753763456058098
31044	0.2596671174876917	0.6935140077850573	0.04681887472725101
31045	0.42894070574870335	0.44562010073245384	0.12543919351884278
31046	0.3625104111520523	0.18229958333987492	0.4551900055080727
31047	0.08888482843689512	0.6412101036047541	0.26990506795835084
31048	0.47954837902590164	0.4443629544215188	0.0760886665525796
31049	0.15703393843094923	0.7169400347979137	0.12602602677113692
31050	0.20626340627826956	0.7113075822383252	0.08242901148340523
31051	0.3215808693269638	0.6059153288358775	0.07250380183715874
31052	0.21531051367277235	0.6107854493632326	0.17390403696399506
31053	0.2938295927854557	0.5852252266143338	0.12094518060021042
31054	0.042354095362226625	0.21734806545091365	0.7402978391868597
31055	0.09279605661287112	0.6960267312561759	0.21117721213095306
31056	0.04830385379886911	0.6184560355412496	0.33324011065988124
31057	0.2340065313131685	0.6919178933777245	0.07407557530910702
31058	0.2644979248455204	0.578295482588756	0.1572065925657236
31059	0.6414103577067727	0.2980783525632043	0.06051128973002312
31060	0.45397391347666455	0.4059816987403276	0.14004438778300787
31061	0.44371108378238233	0.4750016806204511	0.08128723559716647
31062	0.08832433792560379	0.7155745459065807	0.19610111616781553
31063	0.14130379195328968	0.760838511529974	0.09785769651673647
31064	0.12623752368738897	0.40057059623828545	0.4731918800743256
31065	0.3000830626453556	0.5043097251572851	0.19560721219735924
31066	0.27384616936709283	0.6739080683433539	0.052245762289553355
31067	0.21155276099603307	0.5838016210529363	0.20464561795103053
31068	0.19249933195485225	0.7599810387005025	0.04751962934464532
31069	0.24885420312193185	0.3440629279273196	0.40708286895074863
31070	0.21850758963620112	0.6195534677315293	0.1619389426322696
31071	0.0960210842188406	0.7893728098572623	0.11460610592389703
31072	0.2961057123338729	0.6574548698324026	0.04643941783372454
31073	0.13921121742826795	0.6061446007074344	0.25464418186429777
31074	0.08732692135055198	0.7397449070116555	0.17292817163779248
31075	0.2883944992746926	0.666574330924758	0.045031169800549366
31076	0.0934426664116665	0.6418730626565838	0.2646842709317496
31077	0.07599434424817626	0.2405442533221552	0.6834614024296686
31078	0.04798964581784893	0.2358532494807809	0.7161571047013702
31079	0.4312349097770456	0.48897412958171316	0.07979096064124137
31080	0.13662084086227633	0.32299229986734324	0.5403868592703805
31081	0.16958402439215337	0.7315555524215643	0.09886042318628231
31082	0.1734020495291314	0.7760849530412329	0.05051299742963559
31083	0.14789106196526378	0.5955605941563195	0.25654834387841674
31084	0.32406809295016475	0.6350170754914548	0.04091483155838054
31085	0.15091568340756623	0.7351501720141066	0.11393414457832722
31086	0.1799070617272395	0.6766676704231981	0.14342526784956247
31087	0.20915084970767772	0.5278714639018826	0.2629776863904396
31088	0.34849742565265984	0.5971076942537971	0.05439488009354301
31089	0.20713373995860337	0.7019759962662723	0.09089026377512437
31090	0.10584796297604658	0.31526569594685655	0.5788863410770968
31091	0.15371272698517457	0.27685785728734585	0.5694294157274796
31092	0.12401480460408026	0.660298836497692	0.2156863588982277
31093	0.11008020579046009	0.6318002441507867	0.25811955005875326
31094	0.21089529936499973	0.7142190161208927	0.07488568451410758
31095	0.13033197882992728	0.3546628948923594	0.5150051262777132
31096	0.19953842545660297	0.7305190482090188	0.06994252633437814
31097	0.10392872537098123	0.8419198450445545	0.054151429584464394
31098	0.4243645424686155	0.40393135808639974	0.17170409944498477
31099	0.07097745496502667	0.19073091901247388	0.7382916260224994
31100	0.1952325052386071	0.46314688249114333	0.3416206122702495
31101	0.03186665138403429	0.32725114151629936	0.6408822070996664
31102	0.2612840807542674	0.689367489522566	0.04934842972316656
31103	0.17012786671358962	0.7634793365230287	0.06639279676338174
31104	0.11019369328258044	0.6488026443934739	0.24100366232394566
31105	0.31454822981863945	0.6018209374851183	0.08363083269624234
31106	0.16421713811547314	0.7223833820449448	0.11339947983958198
31107	0.13618603785997194	0.6569945102437486	0.2068194518962795
31108	0.16004769840244404	0.5735669547124101	0.2663853468851458
31109	0.059504685958465725	0.2183415453689864	0.7221537686725479
31110	0.181840986970956	0.7403583225958631	0.07780069043318091
31111	0.1887450182839414	0.39193047461478586	0.4193245071012728
31112	0.1986517468768263	0.671669519053935	0.12967873406923866
31113	0.4588227433192764	0.4951717921707382	0.04600546450998538
31114	0.13758800094503368	0.5639207887445722	0.29849121031039405
31115	0.19207837290554988	0.4666742430058006	0.34124738408864946
31116	0.2216898402895158	0.4503118608707331	0.3279982988397511
31117	0.3377806047798828	0.6266033816825892	0.03561601353752799
31118	0.47439566412986506	0.49416525304665376	0.03143908282348123
31119	0.4725513132671643	0.4314831805139791	0.09596550621885667
31120	0.36703561779623817	0.4943203791169317	0.1386440030868301
31121	0.35655452532636883	0.4721948296104868	0.17125064506314439
31122	0.10325318835984225	0.5487762024163949	0.34797060922376283
31123	0.06730428759565225	0.2673239877483141	0.6653717246560337
31124	0.16935576599473423	0.6610100603830862	0.16963417362217958
31125	0.04650092828874914	0.28707451197626166	0.6664245597349892
31126	0.5157023467468346	0.3484321267836641	0.1358655264695013
31127	0.13609940497358627	0.6304018930744545	0.2334987019519593
31128	0.10981450995897053	0.702389157520027	0.18779633252100258
31129	0.08914126389995465	0.6450360980081838	0.2658226380918614
31130	0.053875624084773234	0.6793211072444191	0.2668032686708078
31131	0.18579950890141408	0.355909204793569	0.45829128630501687
31132	0.11421657087456831	0.32274693115654346	0.5630364979688882
31133	0.19491617609700282	0.352410311250672	0.4526735126523252
31134	0.0684522224462131	0.19471501356222554	0.7368327639915613
31135	0.13010899725271569	0.29359145974163786	0.5762995430056465
31136	0.23485765536499015	0.3466088105337907	0.4185335341012193
31137	0.4584608461934807	0.3084129605432197	0.2331261932632996
31138	0.3829426660167298	0.2554718269406423	0.3615855070426279
31139	0.0893208660847275	0.5568151726942631	0.3538639612210095
31140	0.09053132396651715	0.6294468293591201	0.28002184667436275
31141	0.06923912896134755	0.32249843589764565	0.6082624351410069
31142	0.3207351821827167	0.5114358338409725	0.16782898397631082
31143	0.48839266071170956	0.341034470731056	0.1705728685572343
31144	0.4760093116192679	0.4426880297409667	0.08130265863976538
31145	0.5785542314422285	0.3110228530570754	0.11042291550069618
31146	0.29414061155881205	0.6149225979036829	0.09093679053750513
31147	0.33360830469400465	0.5758406243602627	0.09055107094573256
31148	0.1600674900034966	0.5540641804282443	0.28586832956825914
31149	0.20001537607751688	0.3335706237522964	0.4664140001701867
31150	0.24617631523599018	0.41362384401911606	0.3401998407448937
31151	0.1262867086097351	0.479720777765885	0.39399251362438
31152	0.2284586538318498	0.22960664382675197	0.5419347023413983
31153	0.28003234539317834	0.2234415807723242	0.4965260738344976
31154	0.20317589383053322	0.6851297610935005	0.1116943450759662
31155	0.24739298388431163	0.4413363078762392	0.31127070823944925
31156	0.24492793770269605	0.5410434285079716	0.21402863378933243
31157	0.3270727264748268	0.5667321172869664	0.10619515623820679
31158	0.3567066043935479	0.5208324365669492	0.12246095903950283
31159	0.1693488626694404	0.7357981054492823	0.09485303188127721
31160	0.1205238223405678	0.6772267961482118	0.20224938151122032
31161	0.3136181880003933	0.5695109071512466	0.11687090484836012
31162	0.19523254958706815	0.7285487863503647	0.07621866406256732
31163	0.12886475634371183	0.7266528233565128	0.14448242029977534
31164	0.33447889374798606	0.5057680570808955	0.15975304917111846
31165	0.13409120046981368	0.8113807069873674	0.05452809254281899
31166	0.3246283951999461	0.6335987418648314	0.04177286293522245
31167	0.45909960246646775	0.4170003888661375	0.12390000866739481
31168	0.16384964044442363	0.559491799541319	0.2766585600142574
31169	0.466642338948202	0.4772423620395618	0.056115299012236275
31170	0.09241920864886355	0.24473153283835555	0.6628492585127809
31171	0.04487078284342886	0.7978291550056542	0.15730006215091674
31172	0.04487078284342886	0.7978291550056542	0.15730006215091674
31173	0.04487078284342886	0.7978291550056542	0.15730006215091674
31174	0.269478855998106	0.6230169438233181	0.10750420017857593
31175	0.4410514529607532	0.37417820451976197	0.18477034251948485
31176	0.3006969595468017	0.4850154158561413	0.21428762459705708
31177	0.09199685780407818	0.57492832577484	0.3330748164210817
31178	0.1800503190650269	0.669743160360035	0.15020652057493813
31179	0.10357502285882784	0.3899319038136322	0.50649307332754
31180	0.24025179635968308	0.5864029011456077	0.17334530249470914
31181	0.3593359971506949	0.5380274261860869	0.10263657666321817
31182	0.22485518722125494	0.6664430714668849	0.10870174131186021
31183	0.2396490782102789	0.6353072788502806	0.1250436429394405
31184	0.14434988555619063	0.7810530477286896	0.07459706671511972
31185	0.1301823254033129	0.7212207243226668	0.14859695027402028
31186	0.1455942581974928	0.6610948480638874	0.19331089373861976
31187	0.16261961750173423	0.773535002477649	0.06384538002061688
31188	0.22376017658610914	0.24031590903435582	0.5359239143795351
31189	0.19555219140466226	0.3701974205633847	0.43425038803195304
31190	0.2534056984204118	0.7250716882248911	0.02152261335469717
31191	0.37597325779656837	0.4934115101549558	0.1306152320484758
31192	0.19850869954367714	0.6338191788146942	0.16767212164162867
31193	0.11308168000421782	0.25311482593651413	0.6338034940592681
31194	0.101026869384589	0.21720401199077863	0.6817691186246324
31195	0.1558766155424798	0.6673024266976083	0.17682095775991188
31196	0.08839458743131283	0.3773914234663931	0.534213989102294
31197	0.17487712092307817	0.6446124431883802	0.18051043588854168
31198	0.44302071094769796	0.4468473960101946	0.11013189304210742
31199	0.44302071094769796	0.4468473960101946	0.11013189304210742
31200	0.2913406342121651	0.42651550364985064	0.28214386213798426
31201	0.0997429892076192	0.5873770623881374	0.31287994840424344
31202	0.09490458170696746	0.3032547080934288	0.6018407101996037
31203	0.33027230101629773	0.5687157121224679	0.10101198686123443
31204	0.2596547522554761	0.639401564105396	0.10094368363912805
31205	0.16826952647342872	0.6279379503334966	0.2037925231930746
31206	0.2182480540531715	0.7213215180528737	0.06043042789395487
31207	0.24965102129694808	0.659037410860526	0.09131156784252581
31208	0.30400030921235516	0.656283653555863	0.03971603723178172
31209	0.1702949526384581	0.7830489614395381	0.0466560859220039
31210	0.18493112979951287	0.750808797033154	0.06426007316733316
31211	0.322793851938558	0.599121305700198	0.07808484236124402
31212	0.059315860304764434	0.17600011401317164	0.7646840256820638
31213	0.23322442268533047	0.19990278164180422	0.5668727956728653
31214	0.17502910174462682	0.6763322928979706	0.14863860535740267
31215	0.25132763015897025	0.6332058549755752	0.11546651486545445
31216	0.44177556035010923	0.4395706052949944	0.11865383435489635
31217	0.3393245778591685	0.4756426764452477	0.18503274569558378
31218	0.13981815260141692	0.30307812476096385	0.5571037226376193
31219	0.1373775687895801	0.6807290192991665	0.18189341191125333
31220	0.16111436681535704	0.7552130960409523	0.08367253714369065
31221	0.35035504157071373	0.5342253357014107	0.1154196227278755
31222	0.40054026208181986	0.47076163338957994	0.12869810452860023
31223	0.12890435403305203	0.7820976517990493	0.08899799416789857
31224	0.11116418534276822	0.8039212167933162	0.08491459786391564
31225	0.18493112979951287	0.750808797033154	0.06426007316733316
31226	0.07674097941070791	0.4739201831277664	0.44933883746152575
31227	0.19596029589600236	0.4724159661116874	0.3316237379923101
31228	0.07216019150389268	0.5961307484037229	0.33170906009238443
31229	0.30817533213871534	0.6719108087817734	0.019913859079511247
31230	0.26392129041732865	0.7143645947676439	0.02171411481502748
31231	0.08373828493977901	0.6221239973883431	0.2941377176718779
31232	0.18855601366383737	0.5103307946618324	0.3011131916743302
31233	0.15481303773546565	0.6053561408555582	0.23983082140897602
31234	0.19789136804329824	0.7440653323253685	0.05804329963133328
31235	0.0824834049401673	0.29376696684976794	0.6237496282100647
31236	0.2765983072679017	0.4895597387844384	0.23384195394765986
31237	0.2001747117431766	0.639684049913422	0.16014123834340147
31238	0.21555130007655454	0.3804646238074462	0.40398407611599935
31239	0.12354853003577997	0.792084870537816	0.08436659942640402
31240	0.1398930673092191	0.3877950996630137	0.4723118330277673
31241	0.21625733921853332	0.4199664200488371	0.3637762407326295
31242	0.42236636686260925	0.48035806927447666	0.09727556386291414
31243	0.6924380041410627	0.22817668887961484	0.07938530697932238
31244	0.1872742030286195	0.7531304794350747	0.05959531753630578
31245	0.26860525087519055	0.6644873633197194	0.06690738580509013
31246	0.19299906440955916	0.5525594991093942	0.2544414364810466
31247	0.2183213370692101	0.7254539041389853	0.05622475879180466
31248	0.41460434756359926	0.517612398783552	0.06778325365284871
31249	0.4920929464935984	0.44735619961716666	0.060550853889234944
31250	0.24703009448656732	0.6290413000522227	0.12392860546120998
31251	0.19228441964070608	0.7282600469898427	0.07945553336945131
31252	0.178260832972596	0.32095804764825286	0.5007811193791513
31253	0.0953092414167533	0.19703800728757934	0.7076527512956673
31254	0.13340044919520808	0.751478730070667	0.11512082073412498
31255	0.18814599022220294	0.7740398467645614	0.03781416301323557
31256	0.1764258767973448	0.28651984121466795	0.5370542819879872
31257	0.23799234843761577	0.7060333247526462	0.05597432680973804
31258	0.42162389648861387	0.33960369671827867	0.2387724067931074
31259	0.37210986224109116	0.24735120653133635	0.38053893122757243
31260	0.4000394000323691	0.29276845676890356	0.3071921431987273
31261	0.1482402497786096	0.7732407175402178	0.07851903268117268
31262	0.25956681498165257	0.5788981529255744	0.16153503209277306
31263	0.21063076351853946	0.35901283915461857	0.4303563973268419
31264	0.3856101763802591	0.3461844493919936	0.26820537422774726
31265	0.186416161026274	0.4926758380207665	0.32090800095295957
31266	0.3342884755362105	0.5185533827727057	0.14715814169108385
31267	0.6634912484509771	0.3106186758471112	0.025890075701911718
31268	0.18236681776471467	0.6063065306531698	0.2113266515821155
31269	0.2426237253435363	0.680614961747979	0.07676131290848465
31270	0.5167926124536385	0.2697860164887919	0.21342137105756961
31271	0.22838587603724622	0.49879555668321696	0.27281856727953685
31272	0.12807891029554844	0.8121039101956972	0.059817179508754474
31273	0.2026665275071884	0.7607249362899813	0.03660853620283024
31274	0.15511339054713688	0.4201121560416259	0.42477445341123726
31275	0.224582758207491	0.6225507535595395	0.15286648823296953
31276	0.15488213312833313	0.6396504631718388	0.205467403699828
31277	0.23939815630404118	0.6686028163504399	0.0919990273455189
31278	0.30636553269536176	0.5764893619997996	0.11714510530483864
31279	0.2258225917619813	0.57394575820107	0.20023165003694868
31280	0.17409472776660073	0.6985105268729098	0.12739474536048953
31281	0.28061868004840174	0.6091043792097499	0.11027694074184828
31282	0.4517973599869916	0.37250190943340694	0.17570073057960148
31283	0.37975875576045465	0.5213849500954533	0.0988562941440921
31284	0.15108925246648705	0.7246734764954669	0.12423727103804612
31285	0.2655284271074825	0.5057211901595388	0.2287503827329788
31286	0.20969962808071055	0.3063551900951276	0.48394518182416185
31287	0.1330758072698545	0.37956200717272176	0.4873621855574237
31288	0.2530190840663386	0.4382436398368599	0.30873727609680146
31289	0.13599788256505962	0.7131425846524361	0.15085953278250444
31290	0.0898086012125805	0.6666266695868187	0.24356472920060082
31291	0.1118432151807367	0.6231106849701207	0.2650460998491426
31292	0.06692670837224773	0.8422980126609577	0.09077527896679448
31293	0.15382761946672724	0.7803345426195011	0.06583783791377172
31294	0.41580184766970635	0.3200674616588575	0.2641306906714362
31295	0.11101674876890444	0.5474013448662614	0.34158190636483415
31296	0.17642269058554957	0.7495858766480942	0.07399143276635632
31297	0.5116689303634856	0.4525045295690331	0.03582654006748128
31298	0.23129109967077108	0.4173893617668642	0.3513195385623648
31299	0.12901210437786045	0.4572027018899634	0.4137851937321761
31300	0.1797492330418301	0.7940098054684017	0.02624096148976819
31301	0.46102823642360047	0.45352800723058717	0.08544375634581247
31302	0.24024225831379664	0.7264660104871902	0.03329173119901311
31303	0.4811635113701922	0.38684797310634406	0.13198851552346377
31304	0.31143837690829484	0.29329715577920273	0.3952644673125025
31305	0.18711954394995936	0.6605246555857996	0.152355800464241
31306	0.19983351568595667	0.6467552556662303	0.15341122864781304
31307	0.23849820168911562	0.6800079369552368	0.08149386135564758
31308	0.30692326901715256	0.5768307458189548	0.11624598516389273
31309	0.17126453514694817	0.5066870187047965	0.32204844614825534
31310	0.2845568386342248	0.5466066280254199	0.16883653334035517
31311	0.23719594694893986	0.5927578889726418	0.17004616407841833
31312	0.15080646604929698	0.6656026259236006	0.1835909080271024
31313	0.4402116486856724	0.456776319244734	0.10301203206959368
31314	0.272912308939052	0.48635448007614807	0.24073321098480002
31315	0.43849784034673034	0.41720508454010957	0.14429707511316006
31316	0.0482848194473696	0.698655872000805	0.2530593085518254
31317	0.17257629667788943	0.6970848339826242	0.13033886933948632
31318	0.16045153655464053	0.6546046623387741	0.18494380110658523
31319	0.11024228376008	0.6467316065496488	0.24302610969027125
31320	0.1635611680244117	0.6964156813228649	0.14002315065272344
31321	0.3284463109885867	0.4489425537829126	0.22261113522850076
31322	0.10028016710516095	0.2843924769926481	0.615327355902191
31323	0.6294219032823997	0.3273437252217604	0.043234371495839884
31324	0.33715395300607054	0.6069341274865021	0.0559119195074274
31325	0.21968138992739772	0.5883930683258688	0.19192554174673357
31326	0.30215149988398043	0.6178517359997301	0.07999676411628943
31327	0.1972887552913718	0.7324457183870633	0.07026552632156503
31328	0.37444374794799073	0.42561093248666065	0.19994531956534867
31329	0.41726935655954117	0.46395645672388786	0.11877418671657099
31330	0.3710029273780764	0.5320177217575276	0.09697935086439606
31331	0.16833802115826205	0.2816135979693722	0.5500483808723657
31332	0.30378521223637295	0.6583433544126808	0.03787143335094617
31333	0.15565417994921724	0.695013969846232	0.1493318502045508
31334	0.3655222045717414	0.3143755487560054	0.3201022466722532
31335	0.22167603771244057	0.3726814746605282	0.4056424876270312
31336	0.19086718522994053	0.6792736615118736	0.12985915325818578
31337	0.39803913027227766	0.5116131649795254	0.09034770474819694
31338	0.14762946036114596	0.6805234247236247	0.1718471149152293
31339	0.22651220647583137	0.7037653839102155	0.06972240961395317
31340	0.47346488149712723	0.25315419606813944	0.2733809224347333
31341	0.5885860490182541	0.29284574300718813	0.11856820797455785
31342	0.12329097977231906	0.30392296655663764	0.5727860536710433
31343	0.42074766221223764	0.5454328875864981	0.03381945020126434
31344	0.3248255345894756	0.45222955396375797	0.2229449114467664
31345	0.10300293534462694	0.6264418186683679	0.27055524598700526
31346	0.1590990033338739	0.6553290912047345	0.18557190546139157
31347	0.1837029967054515	0.7614740179131453	0.054822985381403316
31348	0.2881775657244727	0.5656993194631929	0.1461231148123345
31349	0.09241040635153301	0.7375211624909314	0.17006843115753567
31350	0.2805740688174727	0.5009681861059875	0.2184577450765398
31351	0.15184873760411285	0.763548511403748	0.0846027509921391
31352	0.21121197925278126	0.7247169786056572	0.06407104214156152
31353	0.2219926210410775	0.7254448147597546	0.052562564199167945
31354	0.1925285549369017	0.6112937662892456	0.1961776787738526
31355	0.26295595257259563	0.6433148015913691	0.09372924583603531
31356	0.21642769429141093	0.6910464154888035	0.09252589021978548
31357	0.21367314026711348	0.7347252493020525	0.051601610430834076
31358	0.39326122999589197	0.4838728436785548	0.12286592632555328
31359	0.20060206839907413	0.6876157246365215	0.11178220696440434
31360	0.0938286795071022	0.5589608465084294	0.3472104739844685
31361	0.11008463595233246	0.425401515071695	0.46451384897597253
31362	0.18294071103204482	0.49914286411482106	0.3179164248531341
31363	0.4572322274307752	0.38980684122310266	0.15296093134612215
31364	0.18533264649394834	0.4861973719124035	0.3284699815936482
31365	0.1926884219862082	0.6961285420538516	0.11118303595994021
31366	0.49422129851636876	0.2716710785710184	0.2341076229126128
31367	0.1585662653242398	0.5670574564577245	0.2743762782180356
31368	0.19693274911403294	0.5718630624729463	0.2312041884130208
31369	0.23782518953231666	0.5823351986358077	0.17983961183187566
31370	0.2086722975487421	0.602861800469066	0.18846590198219182
31371	0.1055760819711269	0.5714467522662366	0.3229771657626365
31372	0.29918738188576594	0.6283601383202028	0.07245247979403124
31373	0.2663647251563724	0.6930586853623485	0.04057658948127901
31374	0.21850148009741796	0.7265845172598538	0.05491400264272828
31375	0.24662337455778252	0.7028947776774429	0.0504818477647746
31376	0.20331866506007792	0.2867823920516643	0.5098989428882578
31377	0.16360354821811865	0.6456953743096346	0.19070107747224677
31378	0.10852919734235587	0.38336838026941594	0.5081024223882282
31379	0.18244861757031006	0.4304054553295317	0.3871459271001582
31380	0.20193037363419217	0.5843330111674256	0.21373661519838216
31381	0.27684469296816183	0.5333742512817761	0.1897810557500621
31382	0.2800640237136034	0.5075595445119107	0.2123764317744861
31383	0.19342303744786218	0.6499286654414336	0.15664829711070424
31384	0.4541482169449573	0.37435631715721057	0.17149546589783224
31385	0.2164554020017159	0.6566729177079166	0.12687168029036763
31386	0.2551605014079878	0.43812196549578414	0.306717533096228
31387	0.348721042567751	0.42655362526303003	0.22472533216921894
31388	0.1399359969279598	0.7088463043720735	0.15121769869996676
31389	0.34075910044403795	0.6156105461052955	0.04363035345066641
31390	0.3186977812915046	0.3995832092427247	0.28171900946577066
31391	0.17124635137273936	0.368802090164277	0.45995155846298363
31392	0.13555874064570397	0.5313010863992842	0.33314017295501186
31393	0.5422907362488671	0.2461682812329611	0.2115409825181718
31394	0.22032033790107033	0.6387508878347302	0.14092877426419936
31395	0.40471556741017745	0.5036045238327604	0.09167990875706217
31396	0.17341336191150167	0.7558515086601005	0.07073512942839767
31397	0.29354921052934313	0.6288124303345867	0.07763835913607019
31398	0.08276579006511382	0.3572355540174971	0.559998655917389
31399	0.1513138702930504	0.4020419562530158	0.44664417345393376
31400	0.19354321111482287	0.6112019559755404	0.19525483290963672
31401	0.3701301700224053	0.5894240375874539	0.040445792390140976
31402	0.14093713667302057	0.6900227330172678	0.16904013030971146
31403	0.14886526446592377	0.6470746147401265	0.20406012079394972
31404	0.38078656292520563	0.5102879570058109	0.1089254800689835
31405	0.3220365908592919	0.604106112705351	0.07385729643535714
31406	0.20847924535491202	0.7231039757591464	0.06841677888594141
31407	0.2980900478398895	0.5915013880023344	0.1104085641577759
31408	0.26847846218811505	0.41224872584432143	0.3192728119675636
31409	0.41259761676673695	0.5163776283639137	0.07102475486934932
31410	0.4871958095438033	0.4735010834113969	0.039303107044799786
31411	0.5675416716808525	0.3786706292365926	0.053787699082555034
31412	0.4230493383102318	0.5055219811808749	0.07142868050889338
31413	0.1916230224460391	0.7151655016009976	0.09321147595296335
31414	0.17942016897511656	0.41078357213356936	0.40979625889131405
31415	0.13235277929666764	0.7259968867407358	0.14165033396259655
31416	0.19533208497328738	0.7133806431741206	0.09128727185259194
31417	0.17644957887163737	0.6609958740853842	0.16255454704297856
31418	0.0902340291680724	0.6273742341759959	0.2823917366559317
31419	0.34332896009031505	0.4775322111520499	0.17913882875763498
31420	0.1638261496447828	0.6910247137524707	0.14514913660274645
31421	0.5227956483464831	0.3238407362452924	0.15336361540822455
31422	0.24529440631447885	0.622287028421359	0.1324185652641622
31423	0.2053864880600357	0.7462975556846195	0.04831595625534466
31424	0.2405646823444519	0.7004971930164783	0.05893812463906981
31425	0.2087145300738563	0.7208083200803189	0.07047714984582493
31426	0.30197515941414826	0.6163679217502561	0.08165691883559553
31427	0.1603665229987946	0.6242602606469617	0.2153732163542437
31428	0.30199300587280853	0.2183387622949171	0.4796682318322744
31429	0.18480145222598468	0.6690285349598991	0.14617001281411598
31430	0.3569991620838448	0.5254441193726128	0.11755671854354237
31431	0.2361200435891125	0.6472524508182818	0.11662750559260575
31432	0.1379853754976015	0.6292945724573723	0.2327200520450262
31433	0.2755618972259376	0.3454528072080321	0.3789852955660303
31434	0.5320576486451521	0.4191772926041127	0.04876505875073508
31435	0.11308320270236068	0.6382038667493487	0.2487129305482906
31436	0.13093717806797753	0.825706796247569	0.043356025684453424
31437	0.16028945302280642	0.6199987577186215	0.21971178925857215
31438	0.21644233144378625	0.4574222758288067	0.32613539272740716
31439	0.2168677323545621	0.485955675925142	0.2971765917202959
31440	0.21687939117063249	0.4757783784872554	0.30734223034211205
31441	0.23526586636497906	0.650943855715354	0.113790277919667
31442	0.5051323553602158	0.4027346439194679	0.09213300072031626
31443	0.18584487405475306	0.7339261308823933	0.08022899506285357
31444	0.18558085312980524	0.5410209982344172	0.2733981486357776
31445	0.19258710166841772	0.5732672080905066	0.23414569024107576
31446	0.15456556330358398	0.7731312047945038	0.07230323190191225
31447	0.15456556330358398	0.7731312047945038	0.07230323190191225
31448	0.12151722356913897	0.8304128820590172	0.048069894371844
31449	0.43641585482335987	0.3790724000357761	0.184511745140864
31450	0.13342454285396677	0.7676247389383725	0.09895071820766076
31451	0.25316291262071117	0.30387279094749714	0.44296429643179164
31452	0.39506003077102897	0.4421102719618893	0.16282969726708174
31453	0.08049819225571458	0.7647612468768309	0.15474056086745458
31454	0.2805966957812182	0.3590655719062605	0.36033773231252136
31455	0.1697829948689458	0.6657208894550464	0.16449611567600786
31456	0.23465600709966006	0.6532767324840396	0.11206726041630037
31457	0.04677183771444463	0.5347732828971279	0.4184548793884275
31458	0.334335504768303	0.4968140944069169	0.16885040082478017
31459	0.11019369328258044	0.6488026443934739	0.24100366232394566
31460	0.19851945041341704	0.7840939381707185	0.017386611415864332
31461	0.20193037363419217	0.5843330111674256	0.21373661519838216
31462	0.1713177777481357	0.4584235397946914	0.3702586824571729
31463	0.13090073998599158	0.5299121767492916	0.33918708326471686
31464	0.23220806267856964	0.4815525607745868	0.28623937654684356
31465	0.35475988835742256	0.5052857413111188	0.13995437033145852
31466	0.2859565733559824	0.5551526460972185	0.15889078054679906
31467	0.1508513193587925	0.6004537044911887	0.2486949761500188
31468	0.32453421509604974	0.6235659600734001	0.05189982483055016
31469	0.2280484730929638	0.7199000055383546	0.052051521368681464
31470	0.1975750995299327	0.7651360388958505	0.03728886157421688
31471	0.11029496992889609	0.5175443990897567	0.3721606309813472
31472	0.13305390363014366	0.4997620567129187	0.36718403965693763
31473	0.29773757402471673	0.5671870154832486	0.13507541049203473
31474	0.2837646853349469	0.41057615220763416	0.3056591624574188
31475	0.08360005657201337	0.8604858196135009	0.05591412381448571
31476	0.08700110183895256	0.8572342598545633	0.05576463830648415
31477	0.33134781160832844	0.5018496903437392	0.16680249804793226
31478	0.10229446598185703	0.5045744063264799	0.39313112769166314
31479	0.14034960680086336	0.6025926991911082	0.2570576940080285
31480	0.24684157724800385	0.5254066374932571	0.22775178525873907
31481	0.17950988986441938	0.6344198761826724	0.18607023395290812
31482	0.17380504259187965	0.6005512544729529	0.22564370293516756
31483	0.1809710530279932	0.4519902102184124	0.3670387367535944
31484	0.3408895655262801	0.5161874435557082	0.1429229909180116
31485	0.20039369301312449	0.6123117933706677	0.18729451361620789
31486	0.12070302312746552	0.5764575890017452	0.3028393878707894
31487	0.14125520150795012	0.39307828599865885	0.46566651249339097
31488	0.2014218713229016	0.3003264283221004	0.498251700354998
31489	0.10699365759153508	0.46717472220978684	0.4258316201986781
31490	0.13424854755285323	0.7730682761775659	0.09268317626958085
31491	0.33869458320721196	0.6082426323717615	0.0530627844210266
31492	0.44114473733925497	0.5093542103824599	0.049501052278285274
31493	0.3378775623564696	0.5936363679384729	0.0684860697050576
31494	0.25828100776371404	0.617175162327568	0.12454382990871798
31495	0.23045653366861352	0.7242159639095416	0.045327502421844836
31496	0.14928178687396487	0.7255255989021491	0.12519261422388603
31497	0.351446297728138	0.47726964583400183	0.17128405643786013
31498	0.07663394591883378	0.7393690113570538	0.18399704272411244
31499	0.12365351660831925	0.7855010398774892	0.09084544351419165
31500	0.22158093116897012	0.7272545942126344	0.05116447461839548
31501	0.22240197714413298	0.7117415535914627	0.06585646926440436
31502	0.4080263650557239	0.5426105477012587	0.049363087243017405
31503	0.37685071356488115	0.5724192671965856	0.050730019238533264
31504	0.23034009900023436	0.7000646935346445	0.06959520746512114
31505	0.24664289926517924	0.6788332470991025	0.07452385363571812
31506	0.13618129422024675	0.28278206893622937	0.5810366368435239
31507	0.27714645899843227	0.7102106211795695	0.012642919821998255
31508	0.16572280233407097	0.6125075172985508	0.2217696803673783
31509	0.48807047046192586	0.4327231327605959	0.07920639677747808
31510	0.5166973818505709	0.4122414485749921	0.07106116957443702
31511	0.1215012880173864	0.8177176831271322	0.06078102885548144
31512	0.07357626479522156	0.7753057060548906	0.1511180291498879
31513	0.33493789497526133	0.5861577682749896	0.07890433674974923
31514	0.3760896651617088	0.5492969932701914	0.07461334156809983
31515	0.14370892697862997	0.8012768033695868	0.05501426965178319
31516	0.24484476257348928	0.6070978530781893	0.14805738434832158
31517	0.325710855992079	0.6096682124893261	0.06462093151859484
31518	0.25563686218983867	0.6427436319896145	0.10161950582054691
31519	0.2966765619446475	0.6092568211661432	0.09406661688920931
31520	0.4264500158995486	0.27007480907185316	0.3034751750285982
31521	0.19744424126476737	0.708607476278425	0.09394828245680764
31522	0.23283923964912767	0.6744830165396986	0.09267774381117377
