30902	0.09703490070040252	0.5299535967227063	0.3730115025768912
30903	0.11193283062290131	0.5312149194788691	0.3568522498982297
30904	0.11993103511953027	0.6052581672292398	0.27481079765123
30905	0.6111771732939433	0.25452928660795193	0.13429354009810476
30906	0.18165226676658547	0.7006481262217097	0.1176996070117049
30907	0.3064185147704414	0.5939662294591842	0.09961525577037435
30908	0.11112665308467311	0.784736867332951	0.1041364795823759
30909	0.08036567576334881	0.2803351838821683	0.6392991403544829
30910	0.029159242519567218	0.11293559257267359	0.8579051649077591
30911	0.15410689606834574	0.7949284869560134	0.05096461697564083
30912	0.2122549487977835	0.6768663891189001	0.11087866208331643
30913	0.0410241703796102	0.7349327969669255	0.2240430326534643
30914	0.1648120050098698	0.5246137795040545	0.3105742154860757
30915	0.2650291165219681	0.6311142227603981	0.10385666071763378
30916	0.22821879915496868	0.4717389291173844	0.3000422717276469
30917	0.08887629740445954	0.8387589697186749	0.07236473287686553
30918	0.22430397189494353	0.6659013926138444	0.109794635491212
30919	0.08145100520695958	0.5452189096734794	0.37333008511956106
30920	0.009838290408702408	0.9755921161547914	0.01456959343650631
30921	0.25422673675639923	0.6263873421279028	0.11938592111569797
30922	0.2877283912103562	0.5811047727786758	0.13116683601096807
30923	0.09493441698257216	0.5419125915548683	0.36315299146255964
30924	0.04031027086189828	0.9316313875982103	0.028058341539891306
30925	0.11750683157500216	0.3720195536502843	0.5104736147747134
30926	0.17640730596012066	0.4895088682060214	0.334083825833858
30927	0.15505603600910592	0.6011748983339553	0.2437690656569388
30928	0.2878339479026078	0.6271884252906164	0.08497762680677584
30929	0.23020929062336673	0.6126462508520951	0.1571444585245381
30930	0.16567771399702225	0.7615328103723376	0.07278947563064023
30931	0.8076513095683575	0.17521899279262612	0.017129697639016443
30932	0.21747700582816412	0.6878985855266413	0.09462440864519464
30933	0.3410516009668882	0.45628353188816456	0.20266486714494716
30934	0.11617416525127397	0.6434596328812378	0.24036620186748825
30935	0.27429831080665107	0.620634756647087	0.10506693254626193
30936	0.327625931552971	0.5439736857910391	0.12840038265598977
30937	0.315427417758049	0.5603883912408412	0.12418419100110992
30938	0.22395776300954517	0.6514677659010777	0.12457447108937716
30939	0.215735815836793	0.7085580390658424	0.07570614509736466
30940	0.19095866334920558	0.46097970687424117	0.34806162977655325
30941	0.33855091341147714	0.5656227846768208	0.09582630191170212
30942	0.15056075694119456	0.7355522754798018	0.11388696757900373
30943	0.23133442006253152	0.6649432245336313	0.10372235540383709
30944	0.14267987274971924	0.8311260591759738	0.026194068074306968
30945	0.1572791388757127	0.2446179408616258	0.5981029202626614
30946	0.3083219401645849	0.40935636152986027	0.2823216983055548
30947	0.10705398276211735	0.4539179204840309	0.4390280967538516
30948	0.17653126047854054	0.3936754976965007	0.4297932418249588
30949	0.3518952890538073	0.5174030985691284	0.13070161237706437
30950	0.41936137177718763	0.5232694875992928	0.0573691406235196
30951	0.24531868619986558	0.42936479814288614	0.3253165156572483
30952	0.20196668059726774	0.7210013938697996	0.07703192553293271
30953	0.1559616898077183	0.41070421217453995	0.43333409801774175
30954	0.35838070512520515	0.5436396132314234	0.09797968164337145
30955	0.05588405298619447	0.6901643260822325	0.25395162093157286
30956	0.15432006186934674	0.7224275071773106	0.12325243095334265
30957	0.14957080245843823	0.6016406924499962	0.2487885050915656
30958	0.16888749042637044	0.6208861449607643	0.21022636461286517
30959	0.16073095709001942	0.7761521125408029	0.06311693036917772
30960	0.11501607992291901	0.6056531214056594	0.2793307986714217
30961	0.10948486192841518	0.6238942167215568	0.26662092135002796
30962	0.26830909632641214	0.6125325524432914	0.11915835123029649
30963	0.05930075480696368	0.09713176562430718	0.8435674795687291
30964	0.08582302715439083	0.6405782312267279	0.27359874161888126
30965	0.15273351616856493	0.5809952701566259	0.2662712136748091
30966	0.20045606380355047	0.7289939678433947	0.07054996835305487
30967	0.06465437805056562	0.47663301158158283	0.45871261036785166
30968	0.3153464738009193	0.4905634444980306	0.19409008170105016
30969	0.1414093035232067	0.4366416421830838	0.4219490542937095
30970	0.21048177894984113	0.5648426193517605	0.2246756016983984
30971	0.24403751931004541	0.6468626485738596	0.109099832116095
30972	0.21549245419365712	0.7087028389875826	0.07580470681876027
30973	0.2688245432864453	0.6541062127054126	0.07706924400814218
30974	0.3027373219390969	0.4829412629041442	0.21432141515675887
30975	0.16063192170541826	0.662743708073457	0.17662437022112487
30976	0.43393226370504806	0.5190263736215951	0.04704136267335681
30977	0.2337276465409863	0.7001746138712301	0.0660977395877835
30978	0.27429831080665107	0.620634756647087	0.10506693254626193
30979	0.10379819853222416	0.8354377366618397	0.06076406480593616
30980	0.3277400697078154	0.5989971824634476	0.07326274782873707
30981	0.38965178467292416	0.5144129176528579	0.09593529767421795
30982	0.1172352091336487	0.600392125374664	0.2823726654916874
30983	0.11460735017260908	0.5878973194563479	0.2974953303710429
30984	0.5931962479555722	0.3368219264309678	0.06998182561345999
30985	0.2937963455893793	0.5725530210086841	0.13365063340193667
30986	0.07099193793565002	0.5779292381081481	0.35107882395620194
30987	0.1975808553322511	0.5653496545484203	0.23706949011932849
30988	0.1713305537211146	0.7663540625429833	0.062315383735902063
30989	0.204013516436251	0.7423822885105996	0.05360419505314936
30990	0.2824627273271437	0.5989838278047162	0.1185534448681401
30991	0.22951170295503762	0.6469679447584065	0.12352035228655593
30992	0.11057927176154593	0.6832159930272496	0.20620473521120453
30993	0.08906770458201739	0.7114493974121888	0.19948289800579383
30994	0.30105793320440494	0.6804008373989601	0.018541229396634985
30995	0.11356595905051173	0.7721851936620534	0.11424884728743484
30996	0.28737885973894256	0.4626601293021303	0.24996101095892712
30997	0.1839747622114383	0.6486178444762513	0.1674073933123105
30998	0.08647852306677377	0.7584632576396345	0.15505821929359168
30999	0.3453981925842235	0.6003032368269956	0.054298570588780834
31000	0.371687674936203	0.5605829958063071	0.06772932925748984
31001	0.09813638850024581	0.7540021365040268	0.14786147499572727
31002	0.5344683296354853	0.4127598014046487	0.05277186895986604
31003	0.41952769379247684	0.5142628131496156	0.06620949305790753
31004	0.17719171370366255	0.7469903054589594	0.07581798083737802
31005	0.24575360665111745	0.5907740250216227	0.16347236832725978
31006	0.02293832248775291	0.11066582409381495	0.8663958534184322
31007	0.315427417758049	0.5603883912408412	0.12418419100110992
31008	0.10385169978756317	0.6506289968915955	0.24551930332084132
31009	0.21117097376571536	0.6187030628326964	0.17012596340158823
31010	0.20468878328747658	0.7207883210826131	0.07452289562991017
31011	0.046772341046663994	0.5537001449901396	0.39952751396319636
31012	0.3305401598172512	0.5329082784971192	0.13655156168562962
31013	0.26903399390569804	0.6393821026679304	0.0915839034263716
31014	0.1150957124396509	0.670105736583005	0.21479855097734402
31015	0.2964013227839394	0.6087085338381041	0.09489014337795655
31016	0.2423808203794559	0.6433322859286363	0.11428689369190774
31017	0.3456020390551569	0.4569886709504011	0.19740928999444196
31018	0.2733575037342223	0.5409743536478776	0.1856681426179002
31019	0.14842884037432053	0.417808717420454	0.43376244220522553
31020	0.08402327329689573	0.6733374102531063	0.2426393164499979
31021	0.3526735300432938	0.5828791670265988	0.0644473029301074
31022	0.2964013227839394	0.6087085338381041	0.09489014337795655
31023	0.4172825590037789	0.4464347202888224	0.13628272070739875
31024	0.16791554089872984	0.6161222651616136	0.2159621939396566
31025	0.22658101981557713	0.5996767600035511	0.17374222018087185
31026	0.2642760829219692	0.5604051725899732	0.1753187444880575
31027	0.3526913904753906	0.5540693238628673	0.09323928566174211
31028	0.24893865003821644	0.6684153715163895	0.08264597844539406
31029	0.044309304410783845	0.7986414932354762	0.15704920235374004
31030	0.1998853444600434	0.6344113243858048	0.16570333115415167
31031	0.19024654801299584	0.6488182756272141	0.16093517635979013
31032	0.32278194036018554	0.5657302122051818	0.1114878474346328
31033	0.17142427556670772	0.5775483531219944	0.251027371311298
31034	0.26534332846515557	0.6564422554052396	0.07821441612960486
31035	0.34958564411148507	0.5544714997815314	0.09594285610698346
31036	0.15701077389561907	0.49950970745942735	0.3434795186449535
31037	0.25941355310663355	0.6204329211742077	0.12015352571915883
31038	0.19585804584793398	0.5220581041530924	0.28208384999897357
31039	0.13454661488151085	0.6779010706111871	0.18755231450730206
31040	0.13645942393619756	0.7106270451408485	0.15291353092295398
31041	0.2652553434660852	0.6713783294404574	0.06336632709345741
31042	0.06901926666039267	0.7392662155507832	0.19171451778882403
31043	0.12368267138892239	0.6555903452086849	0.22072698340239272
31044	0.28451577974985254	0.6217296342574333	0.09375458599271408
31045	0.21800682310888583	0.6845761742901609	0.0974170026009531
31046	0.339133907773502	0.31594147489028623	0.3449246173362118
31047	0.08791151827836634	0.683808365070848	0.22828011665078557
31048	0.24079569192959496	0.6612888190421964	0.09791548902820864
31049	0.14588774542554478	0.6298100826285142	0.22430217194594104
31050	0.2584617492199151	0.6026829422064891	0.1388553085735957
31051	0.29970716551228443	0.6539740452622939	0.04631878922542169
31052	0.13804960355344675	0.6011749132338027	0.26077548321275057
31053	0.233408492368693	0.6212799305465666	0.1453115770847404
31054	0.050972845248936874	0.18296053644853796	0.7660666183025252
31055	0.17168054595557292	0.5142796578982641	0.3140397961461631
31056	0.0819528085491889	0.3189077257832203	0.5991394656675908
31057	0.33254559222304764	0.5774354929749747	0.09001891480197777
31058	0.24699144690638686	0.663043903232389	0.08996464986122418
31059	0.7520247233333122	0.2149702630015473	0.03300501366514053
31060	0.29728115086324763	0.4992458414060645	0.2034730077306878
31061	0.25771131163634153	0.6321611701321872	0.11012751823147121
31062	0.08665035320296645	0.686879181788538	0.2264704650084955
31063	0.21784408877040826	0.680783505491698	0.10137240573789374
31064	0.07776060550750043	0.4339471222917465	0.48829227220075316
31065	0.21803437651287064	0.6734745164841152	0.10849110700301423
31066	0.5068021443255587	0.374398226475096	0.11879962919934535
31067	0.2289436688512111	0.5991317699608144	0.1719245611879746
31068	0.18823326605741264	0.7039674147393855	0.10779931920320188
31069	0.08990492457596974	0.13406326195991658	0.7760318134641138
31070	0.23800841717807306	0.7059166563549218	0.056074926467005085
31071	0.05365019906878574	0.9031500563230119	0.043199744608202306
31072	0.3269556399377857	0.6007745744251692	0.07226978563704517
31073	0.10988355467643177	0.6565194249099727	0.2335970204135955
31074	0.19782850949105152	0.540731569099727	0.26143992140922145
31075	0.34878904898601065	0.5836547146107858	0.06755623640320352
31076	0.2895304678535425	0.586379844669403	0.12408968747705461
31077	0.035332020307760705	0.44755252812254886	0.5171154515696904
31078	0.015711248450770605	0.39990766220261065	0.5843810893466187
31079	0.32226867490113853	0.6107626809076454	0.06696864419121598
31080	0.02984034017373373	0.25377514068480433	0.7163845191414621
31081	0.1156618313841206	0.7475262577774282	0.13681191083845123
31082	0.12983145327197176	0.7888295252911487	0.08133902143687949
31083	0.1531125275710719	0.54482777455471	0.30205969787421805
31084	0.2698755711219346	0.6499131645962359	0.08021126428182951
31085	0.23954727392964784	0.7217778918953319	0.03867483417502016
31086	0.29940936125720446	0.6506849580173962	0.049905680725399325
31087	0.18134244786441578	0.6265278282032829	0.19212972393230135
31088	0.20597825652309998	0.7038730730544	0.0901486704225001
31089	0.18397992582389355	0.7294683624482684	0.08655171172783804
31090	0.20470252737591926	0.43823592961073976	0.3570615430133409
31091	0.2410387390980799	0.3371102676072018	0.4218509932947183
31092	0.06538363748230583	0.7903277257670409	0.14428863675065334
31093	0.06413755244487729	0.7109221234939297	0.22494032406119302
31094	0.3149696446825291	0.5910944716617242	0.09393588365574661
31095	0.11614832323030592	0.3595975971072547	0.5242540796624394
31096	0.27627511012414113	0.5820078850199782	0.14171700485588068
31097	0.04031027086189828	0.9316313875982103	0.028058341539891306
31098	0.3552728331455201	0.5505843723976137	0.09414279445686617
31099	0.04900669822405581	0.12000549189350256	0.8309878098824417
31100	0.16714507756669947	0.4773905128871143	0.3554644095461863
31101	0.09784952374912313	0.4859443821865515	0.4162060940643253
31102	0.1761865413057595	0.7587421084002679	0.06507135029397262
31103	0.1405449830262646	0.7872560120207952	0.0721990049529402
31104	0.11617416525127397	0.6434596328812378	0.24036620186748825
31105	0.28461495062632614	0.5699266980156723	0.1454583513580017
31106	0.19835161966383363	0.6863671918853519	0.11528118845081449
31107	0.0888382485442036	0.8633836833613542	0.04777806809444218
31108	0.12263946631857647	0.7747925663579296	0.10256796732349399
31109	0.02665136261207303	0.10030254019413568	0.8730460971937913
31110	0.09757993539445996	0.8410137516124853	0.06140631299305479
31111	0.0565268909775601	0.6067986875140244	0.3366744215084154
31112	0.30811807049979856	0.5976578745470165	0.09422405495318499
31113	0.3606135391464304	0.5766963690422259	0.06269009181134372
31114	0.17168054595557292	0.5142796578982641	0.3140397961461631
31115	0.2291022387711766	0.6313210352103567	0.13957672601846677
31116	0.250593518479137	0.6224856317656879	0.12692084975517506
31117	0.14804947556064135	0.7638585845170816	0.0880919399222771
31118	0.41952769379247684	0.5142628131496156	0.06620949305790753
31119	0.24831549912524542	0.6808903556788617	0.07079414519589286
31120	0.21133813180370148	0.6917399624205733	0.09692190577572518
31121	0.2487787919279338	0.5990925022456546	0.15212870582641166
31122	0.10483876314101845	0.6271504902350281	0.26801074662395336
31123	0.041423451961159104	0.49499545209685375	0.46358109594198715
31124	0.24224734188828484	0.6393950089168774	0.11835764919483775
31125	0.02780696373802927	0.18226332626167313	0.7899297100002977
31126	0.45126657445417984	0.5078344609491788	0.04089896459664137
31127	0.1487012784371982	0.6538436819915735	0.19745503957122842
31128	0.15327417796379728	0.6373018907018578	0.2094239313343449
31129	0.12066745870971615	0.6138950288650755	0.26543751242520824
31130	0.1215452805584109	0.764376778586784	0.1140779408548052
31131	0.06360727364899163	0.8062801350724852	0.13011259127852323
31132	0.10127648793086347	0.2428224945388431	0.6559010175302935
31133	0.1775477532032578	0.22100141606605406	0.6014508307306883
31134	0.017988387276236608	0.055508689882964965	0.9265029228407984
31135	0.11020538829071617	0.2611487598453226	0.6286458518639613
31136	0.22652665724023535	0.4366902417728574	0.33678310098690717
31137	0.3241966802819821	0.4615039239969581	0.2142993957210597
31138	0.254318781321715	0.40132087286282025	0.3443603458154647
31139	0.11146426829883936	0.24713010905524935	0.6414056226459113
31140	0.1096140965773587	0.40412608617788665	0.48625981724475464
31141	0.22424663113089124	0.4755992247307898	0.30015414413831887
31142	0.2759970290595041	0.5877011577319208	0.136301813208575
31143	0.7157180567249877	0.21913947192570676	0.06514247134930547
31144	0.3469935343297926	0.5832025103835382	0.06980395528666915
31145	0.19244934454155743	0.7064750612419787	0.10107559421646395
31146	0.22628355557554775	0.5898627505703604	0.18385369385409175
31147	0.28950938741427473	0.5631960291874605	0.14729458339826468
31148	0.1443093968263658	0.6410231614382192	0.21466744173541494
31149	0.1634914890787797	0.4810249719887372	0.35548353893248297
31150	0.21211839797857232	0.5520882780929711	0.23579332392845656
31151	0.12024840012217707	0.47798964459962184	0.4017619552782012
31152	0.12644150092202916	0.3821336251358285	0.49142487394214246
31153	0.20030351743329897	0.4198325969580852	0.37986388560861567
31154	0.13456574387874845	0.43678852722595607	0.4286457288952954
31155	0.2950055581409478	0.5123462821928546	0.1926481596661976
31156	0.25570526051435555	0.6402987876929792	0.10399595179266521
31157	0.3713472026871658	0.5541938168759266	0.07445898043690768
31158	0.15130452218404153	0.6837070372461256	0.16498844056983283
31159	0.10909170073715549	0.6581745983953278	0.2327337008675168
31160	0.1621962070776263	0.49401648554951166	0.343787307372862
31161	0.3316292601064162	0.5706473854764211	0.09772335441716275
31162	0.2112232070712849	0.5739686650618991	0.2148081278668159
31163	0.11060518416656501	0.3931795401952951	0.49621527563813983
31164	0.34264089288696015	0.48483403297236644	0.17252507414067347
31165	0.11796887345137011	0.7767846278798414	0.10524649866878845
31166	0.2584013642065085	0.6452971647709713	0.09630147102252014
31167	0.5291527648286741	0.37599382231748973	0.09485341285383617
31168	0.1240328474436422	0.6337629580649754	0.24220419449138242
31169	0.5606626678315555	0.37415333062897127	0.0651840015394732
31170	0.20803031758495674	0.4332655085226884	0.3587041738923548
31171	0.006709274408576554	0.9573130227223018	0.03597770286912159
31172	0.005888267054734497	0.9647608294413504	0.02935090350391511
31173	0.0066336127562233995	0.9631371719604837	0.030229215283292952
31174	0.3111430183365083	0.40078917393074764	0.28806780773274404
31175	0.5872082653766852	0.3067719657478593	0.10601976887545536
31176	0.25634564886494093	0.669813380601199	0.07384097053386006
31177	0.1016290957523071	0.6294922147761286	0.2688786894715643
31178	0.17599896122495318	0.7321306435226156	0.09187039525243128
31179	0.07460255738877349	0.40156362306289656	0.52383381954833
31180	0.14659898869464844	0.7616227106798796	0.09177830062547193
31181	0.36873263471237344	0.553312226273772	0.07795513901385459
31182	0.17254049442649882	0.5912421136454616	0.23621739192803953
31183	0.21589852241619936	0.5194988402471947	0.26460263733660605
31184	0.1042659199048485	0.820448165169028	0.07528591492612347
31185	0.17273895586158186	0.7873087877168876	0.039952256421530476
31186	0.23697208535410588	0.6750368669426675	0.08799104770322659
31187	0.19943617599119784	0.7199255374612019	0.0806382865476003
31188	0.10587470743739881	0.40730899025233663	0.48681630231026446
31189	0.20314208619431565	0.5390152403667076	0.25784267343897693
31190	0.22386346288498682	0.7298811554676986	0.04625538164731462
31191	0.3883080334897934	0.5524278451348993	0.05926412137530732
31192	0.2114394367722987	0.7002516231613065	0.08830894006639484
31193	0.17616039580569035	0.32981107754000055	0.49402852665430913
31194	0.16062976666302153	0.639898890539036	0.19947134279794246
31195	0.21565967529961444	0.6926765771859459	0.09166374751443959
31196	0.147694369537203	0.2610395548082713	0.5912660756545257
31197	0.15584369129026943	0.6714356800961555	0.17272062861357504
31198	0.3019458585923506	0.6008900849619984	0.09716405644565093
31199	0.3019458585923506	0.6008900849619984	0.09716405644565093
31200	0.28430622858021165	0.5406669056782493	0.17502686574153917
31201	0.09135858739025197	0.3690169279745655	0.5396244846351824
31202	0.09146702298771632	0.5774788173042477	0.331054159708036
31203	0.30634833763374814	0.6220623268016545	0.0715893355645973
31204	0.3225165233713425	0.5843544329978755	0.09312904363078202
31205	0.21408992186691117	0.49200863278802587	0.2939014453450631
31206	0.1232529596983404	0.7317110970842227	0.14503594321743699
31207	0.19382061112213503	0.7259097815248708	0.08026960735299414
31208	0.28188553583288745	0.6664841167369003	0.05163034743021224
31209	0.1614264633859081	0.7033356778092438	0.13523785880484815
31210	0.15216547479896683	0.7283306437671553	0.119503881433878
31211	0.24903557659094838	0.7030181093727809	0.0479463140362707
31212	0.05018475662286025	0.3601758216917025	0.5896394216854371
31213	0.13373028735145787	0.41997697325895833	0.44629273938958375
31214	0.0480717913279674	0.7956044121561814	0.15632379651585124
31215	0.09247001701216982	0.8532639733315461	0.05426600965628404
31216	0.5044427615890807	0.3900858988014501	0.10547133960946908
31217	0.2703919862366335	0.5403439890262717	0.18926402473709497
31218	0.1540608761078028	0.7091688414563935	0.1367702824358038
31219	0.21926787303884931	0.5497759014642668	0.23095622549688397
31220	0.15204439080670287	0.735554384787044	0.11240122440625307
31221	0.31798614701165623	0.5504925405806036	0.13152131240774012
31222	0.48099379669257347	0.4032157258639895	0.11579047744343704
31223	0.15787960678016957	0.759893353105713	0.08222704011411738
31224	0.11902539732797478	0.7533624532189642	0.12761214945306104
31225	0.15216547479896683	0.7283306437671553	0.119503881433878
31226	0.029265904133354503	0.5239885882706895	0.4467455075959558
31227	0.08653262560640333	0.5493420394357988	0.3641253349577977
31228	0.07025655971908075	0.6493913647656915	0.2803520755152278
31229	0.20036278866117724	0.7783463228304043	0.021290888508418513
31230	0.166389692514789	0.8173464906508315	0.0162638168343795
31231	0.13119820984259276	0.6497531666467656	0.21904862351064158
31232	0.0819841124301754	0.49095210441134607	0.4270637831584784
31233	0.061727372616827834	0.5885153641746862	0.349757263208486
31234	0.3006176196088684	0.6212794532734829	0.07810292711764873
31235	0.0509148285438762	0.17024130534878398	0.7788438661073397
31236	0.15722310779291687	0.5573079260482119	0.28546896615887113
31237	0.12433706700839396	0.7499817124123592	0.12568122057924688
31238	0.13753220442245745	0.7336929172767195	0.12877487830082304
31239	0.09748621181532062	0.7383953925263292	0.16411839565835018
31240	0.052529769408677415	0.5889996735832327	0.35847055700808994
31241	0.1103728890410145	0.6262931260633317	0.26333398489565396
31242	0.301907031585259	0.5262989516485284	0.1717940167662127
31243	0.24936248271997505	0.5211059489477481	0.22953156833227673
31244	0.251769946341275	0.6830143727044803	0.06521568095424463
31245	0.32977708586159815	0.6297682983822944	0.040454615756107405
31246	0.07974958902197506	0.5323798594822244	0.3878705514958006
31247	0.296788095835429	0.6559009663108085	0.04731093785376256
31248	0.27589585364997954	0.6458735241135021	0.07823062223651837
31249	0.48666051110908104	0.25779098545938645	0.25554850343153246
31250	0.1911808105253142	0.7574720304703212	0.051347159004364665
31251	0.10584746669218066	0.8420038267131198	0.05214870659469952
31252	0.11788406918555022	0.4870505817754507	0.3950653490389991
31253	0.06788871117933393	0.5090819900561608	0.42302929876450535
31254	0.20479779879581367	0.7058859679239803	0.08931623328020605
31255	0.16991977889881824	0.7842265008037365	0.04585372029744524
31256	0.235942661411075	0.12255590212688192	0.641501436462043
31257	0.465200348381188	0.4719619088587722	0.0628377427600398
31258	0.1578674696806244	0.818481568024678	0.0236509622946976
31259	0.20918358560511988	0.4573775181764781	0.33343889621840206
31260	0.18760853480505613	0.6148271147436086	0.19756435045133525
31261	0.2248179821016639	0.6489902617527977	0.1261917561455384
31262	0.4049014616126	0.5456764476138007	0.04942209077359918
31263	0.12225152443443309	0.7450598049133659	0.13268867065220097
31264	0.11760597587577665	0.8058769852109448	0.07651703891327855
31265	0.19598731747582493	0.5648073665246337	0.2392053159995413
31266	0.324776479144526	0.49885436734861316	0.17636915350686072
31267	0.5114863787435029	0.43799671809548046	0.050516903161016674
31268	0.14080101489509006	0.6205666473284287	0.2386323377764813
31269	0.1350674242755684	0.6880427866378143	0.17688978908661734
31270	0.15939755274014053	0.7479236859596007	0.09267876130025877
31271	0.23954111752913043	0.38680166811803507	0.3736572143528345
31272	0.16618977286649628	0.8188194894654715	0.01499073766803237
31273	0.4035595893023484	0.5271961618474256	0.06924424885022586
31274	0.19602425886333147	0.6339671477704585	0.1700085933662101
31275	0.3153464738009193	0.4905634444980306	0.19409008170105016
31276	0.2403887714630369	0.4210537898684015	0.3385574386685617
31277	0.36231449919717734	0.5259589234237623	0.11172657737906046
31278	0.32875724020135283	0.5682930502378317	0.10294970956081542
31279	0.3034076870015879	0.5910008205111796	0.10559149248723239
31280	0.30595870611600423	0.47995891974417704	0.21408237413981868
31281	0.1356958158881619	0.7582806950156797	0.10602348909615825
31282	0.658445498248991	0.2746290332610363	0.06692546848997266
31283	0.38820649670763296	0.5232923336154314	0.08850116967693576
31284	0.13867493364999967	0.769276471250664	0.09204859509933629
31285	0.4088492028269022	0.43860684315514437	0.15254395401795348
31286	0.09755057003106585	0.5194836848048905	0.3829657451640436
31287	0.19024647146818652	0.37182063147432415	0.43793289705748933
31288	0.3312738441898941	0.48834676907726726	0.18037938673283863
31289	0.23186307265125394	0.6974922251088992	0.07064470223984691
31290	0.13300690682023242	0.6723606827081681	0.19463241047159957
31291	0.11788539542863521	0.6520346537001558	0.23007995087120897
31292	0.2053796877813988	0.6120966496509379	0.1825236625676632
31293	0.24224734188828484	0.6393950089168774	0.11835764919483775
31294	0.1963139718056852	0.623701540799986	0.1799844873943289
31295	0.20282153968870378	0.6685630349715257	0.12861542533977052
31296	0.19339384055856917	0.7324527590625033	0.07415340037892765
31297	0.3953537442943464	0.5656927927211448	0.03895346298450884
31298	0.10974967049605154	0.6923751213071565	0.1978752081967919
31299	0.23780587691447105	0.1861265677033091	0.5760675553822199
31300	0.21260079600525972	0.7375574669719321	0.04984173702280828
31301	0.4045154474037867	0.5245949631428408	0.07088958945337237
31302	0.15324588719286916	0.7520994811635178	0.09465463164361301
31303	0.40692170098237174	0.525586308917612	0.06749199010001623
31304	0.4036600923581281	0.32424247776179355	0.2720974298800783
31305	0.28567824216704474	0.5268062359503788	0.18751552188257647
31306	0.2903248904037577	0.6346724756882732	0.0750026339079692
31307	0.3439296235746087	0.6033527153598692	0.052717661065522066
31308	0.2282048635062175	0.6692805579034377	0.10251457859034485
31309	0.09106581614117296	0.5651623197022619	0.3437718641565651
31310	0.16503247043919708	0.7083398448589139	0.126627684701889
31311	0.43515744125918415	0.48392527617031406	0.08091728257050175
31312	0.2872707041851447	0.6262182580726092	0.08651103774224601
31313	0.2923287128919754	0.6210075716933925	0.08666371541463207
31314	0.21088004662824025	0.5460408677204953	0.24307908565126454
31315	0.3019131216202519	0.6571640309947627	0.04092284738498536
31316	0.06089907199340448	0.6398036201168122	0.2992973078897833
31317	0.11236932533806636	0.5999772765745168	0.2876533980874169
31318	0.12021368048276498	0.6406487621063343	0.23913755741090065
31319	0.05796650011737956	0.6083484962511424	0.33368500363147807
31320	0.12492319481012487	0.7497923923056148	0.12528441288426034
31321	0.2836127908771277	0.542303146679948	0.17408406244292426
31322	0.08776232120659308	0.5306490397416929	0.38158863905171414
31323	0.42665822616236443	0.5063689107298124	0.06697286310782323
31324	0.3575587676573551	0.5652500888814094	0.0771911434612355
31325	0.20692514607354082	0.7105772952201179	0.08249755870634122
31326	0.20483345554232588	0.7244259361629304	0.07074060829474374
31327	0.257669232600818	0.6770222190633737	0.06530854833580826
31328	0.23472337908774749	0.6601816123243965	0.10509500858785592
31329	0.3276784253587118	0.5754306482659274	0.09689092637536087
31330	0.3082916082951424	0.5782774272876205	0.11343096441723709
31331	0.24268251045119982	0.3931020687317039	0.3642154208170964
31332	0.28153666652068554	0.6505625068256098	0.06790082665370463
31333	0.09204217205156935	0.814562305831464	0.09339552211696657
31334	0.2400581631984371	0.5128519987442698	0.2470898380572932
31335	0.15915301436502954	0.5723876617776267	0.2684593238573437
31336	0.2113843572501681	0.6362399802107352	0.15237566253909662
31337	0.3895021411813806	0.4621767487959188	0.14832111002270065
31338	0.11230675062510984	0.6787002478960057	0.20899300147888447
31339	0.2632289006687981	0.647828674626341	0.08894242470486087
31340	0.4438579620739949	0.46527283713212075	0.0908692007938844
31341	0.29442884033299943	0.5724613916784899	0.13310976798851068
31342	0.03841898951952029	0.16404659388155693	0.7975344165989228
31343	0.2198211353130091	0.6961217814680811	0.08405708321890981
31344	0.13034020426452858	0.6754953401952367	0.19416445554023465
31345	0.06460282374170428	0.8588853689628435	0.07651180729545229
31346	0.15695195042543233	0.7800901121866978	0.06295793738786987
31347	0.2199494917742541	0.7395604109136232	0.04049009731212257
31348	0.41952769379247684	0.5142628131496156	0.06620949305790753
31349	0.05532733336856426	0.7842288412109883	0.1604438254204475
31350	0.3870209722991994	0.39081514790560523	0.22216387979519533
31351	0.18505183948282988	0.7335059258661207	0.08144223465104945
31352	0.20307861845499442	0.7575653096589304	0.03935607188607506
31353	0.2170511446220468	0.7199868957379142	0.06296195964003902
31354	0.21636999889490774	0.6750037428565596	0.10862625824853264
31355	0.2337276465409863	0.7001746138712301	0.0660977395877835
31356	0.30381429615798333	0.6007829900093954	0.09540271383262139
31357	0.40005614776118326	0.5342297938929522	0.06571405834586448
31358	0.2671297528101098	0.5906335699593943	0.1422366772304959
31359	0.14694049734309358	0.7966712423559139	0.05638826030099254
31360	0.0910010643660088	0.544918949805422	0.3640799858285693
31361	0.14145994754606564	0.2962634903840573	0.562276562069877
31362	0.27237148361632585	0.46888870233847413	0.25873981404519997
31363	0.1605152731063902	0.5917027328816896	0.24778199401192025
31364	0.13762336560684565	0.6676664239500244	0.19471021044312992
31365	0.2009816405246449	0.6499970039944605	0.14902135548089462
31366	0.3222256223887248	0.5791805743973751	0.0985938032139
31367	0.08269913070816812	0.5729516007614063	0.3443492685304257
31368	0.21458204257861258	0.7041506635736372	0.08126729384775021
31369	0.2729808228841547	0.6304827995091727	0.09653637760667245
31370	0.251377785937798	0.6419026603193182	0.10671955374288389
31371	0.13822755308030626	0.6711081476435965	0.19066429927609724
31372	0.2591592419331912	0.6395330259301416	0.10130773213666731
31373	0.22823460629017217	0.6519700973180688	0.11979529639175907
31374	0.19232941051625843	0.7219001978899982	0.08577039159374344
31375	0.25748405703344435	0.6423710950736423	0.10014484789291335
31376	0.1415927886027812	0.4668688851165261	0.39153832628069263
31377	0.21458204257861258	0.7041506635736372	0.08126729384775021
31378	0.20392662680038662	0.5104488033076567	0.28562456989195656
31379	0.21934856303433808	0.45635972530530516	0.3242917116603567
31380	0.15446686831779582	0.7031642095763415	0.14236892210586274
31381	0.4775162656894696	0.4258037116806131	0.0966800226299173
31382	0.20009294517548196	0.7045995094733667	0.09530754535115131
31383	0.27255750351720553	0.6566420125646933	0.07080048391810115
31384	0.18475109645823348	0.7120336817350897	0.10321522180667672
31385	0.19376220257330554	0.7431998831553719	0.06303791427132253
31386	0.02975648152047142	0.3245221051292578	0.6457214133502708
31387	0.06665868978280955	0.35644873840186414	0.5768925718153263
31388	0.08908418352007189	0.7039954649303106	0.20692035154961738
31389	0.3148698412135038	0.603553665858759	0.0815764929277372
31390	0.09713392375614462	0.5775383232500094	0.3253277529938459
31391	0.17261489331913216	0.37586081508258384	0.45152429159828394
31392	0.08018024378753576	0.7239592350818524	0.19586052113061173
31393	0.15513211239175764	0.6471161277829682	0.1977517598252743
31394	0.24022489078637718	0.6953020357213396	0.06447307349228312
31395	0.27000210017735665	0.6778293759662718	0.052168523856371614
31396	0.21012802216833518	0.7186430851240126	0.07122889270765216
31397	0.2964013227839394	0.6087085338381041	0.09489014337795655
31398	0.06894729088390124	0.43763206844240493	0.49342064067369384
31399	0.20332926613643731	0.49601737222851605	0.3006533616350467
31400	0.14326299102788478	0.7732743002793793	0.08346270869273606
31401	0.30808991961618054	0.6079826637077635	0.08392741667605592
31402	0.09878609611046456	0.7899342567868748	0.11127964710266065
31403	0.23898454206170405	0.6467909428016181	0.11422451513667779
31404	0.39160221176313764	0.5007915916999752	0.1076061965368871
31405	0.22644623554024204	0.6981534045976204	0.07540035986213743
31406	0.21577241396576274	0.7130059589694866	0.07122162706475063
31407	0.2304991768272223	0.6243830084242518	0.14511781474852586
31408	0.30113280882023075	0.580281083409021	0.1185861077707483
31409	0.38012401795966677	0.5664308511599679	0.053445130880365274
31410	0.2986337908354475	0.656840450429933	0.044525758734619524
31411	0.39996276627209065	0.5014222142140278	0.0986150195138816
31412	0.2385935334761305	0.6354196110915922	0.12598685543227733
31413	0.11009721442091439	0.7662050981139343	0.12369768746515131
31414	0.10675856035059997	0.4996851549364025	0.3935562847129976
31415	0.15851389199073837	0.6108672474183845	0.23061886059087702
31416	0.2773083711625586	0.5805876985652755	0.14210393027216597
31417	0.25410864949749845	0.6531177626578313	0.09277358784467034
31418	0.17168054595557292	0.5142796578982641	0.3140397961461631
31419	0.304585583226175	0.5426754471082739	0.15273896966555117
31420	0.16063192170541826	0.662743708073457	0.17662437022112487
31421	0.4357112064683689	0.4876690071662901	0.07661978636534093
31422	0.23726537680722004	0.6901867018151218	0.07254792137765821
31423	0.3396681799721221	0.5748620251452868	0.08546979488259106
31424	0.2539823065509907	0.6921183971692614	0.053899296279747856
31425	0.2979344799720278	0.6157325925872292	0.08633292744074296
31426	0.2229308368915097	0.722261199467666	0.05480796364082425
31427	0.12220441568749407	0.24961922738341244	0.6281763569290935
31428	0.285338233282134	0.39314604409754833	0.32151572262031786
31429	0.16085148290542048	0.6765317188475839	0.16261679824699565
31430	0.24659524929326793	0.5123668206992327	0.2410379300074993
31431	0.27429831080665107	0.620634756647087	0.10506693254626193
31432	0.18264249067071892	0.7010797190731005	0.11627779025618061
31433	0.22938636406462914	0.6551892728823052	0.11542436305306568
31434	0.32558417696033387	0.5948937022362109	0.07952212080345515
31435	0.09697925420058484	0.7116911895141135	0.19132955628530166
31436	0.0457717128457398	0.9235097935712318	0.03071849358302836
31437	0.12100078955686652	0.5463572848974683	0.3326419255456652
31438	0.20171940029291413	0.6228044470338601	0.17547615267322586
31439	0.13727250810069816	0.6783905448834067	0.18433694701589518
31440	0.14819383209245338	0.6004994523119451	0.2513067155956016
31441	0.16181648871268087	0.7773512066549992	0.0608323046323199
31442	0.7374530264065586	0.21045288915596716	0.05209408443747421
31443	0.29726478716095056	0.6104869375186392	0.09224827532041022
31444	0.29966445163527894	0.38828481804539355	0.3120507303193274
31445	0.26628052340217595	0.518323781272194	0.2153956953256301
31446	0.043289181113243716	0.8271188313740954	0.12959198751266093
31447	0.043289181113243716	0.8271188313740954	0.12959198751266093
31448	0.025767720142380535	0.9245414868221593	0.04969079303546022
31449	0.39363936574008523	0.5229837390301151	0.08337689522979969
31450	0.2601291871114245	0.6706422273496714	0.06922858553890415
31451	0.12539620515055136	0.4941968855877596	0.38040690926168896
31452	0.21826564756274436	0.6984819099195185	0.08325244251773711
31453	0.06780221700646091	0.8021395806894578	0.13005820230408138
31454	0.28321064649140293	0.3953012292639808	0.32148812424461626
31455	0.16380029577603977	0.6959326933302784	0.14026701089368182
31456	0.27596771019704436	0.6429677539379746	0.08106453586498115
31457	0.047717531193781415	0.33342580337742617	0.6188566654287924
31458	0.4592395951979909	0.3205150759664841	0.22024532883552508
31459	0.12619190416834122	0.6369356515240642	0.2368724443075946
31460	0.23409792728184475	0.7318597244654421	0.034042348252713135
31461	0.15446686831779582	0.7031642095763415	0.14236892210586274
31462	0.135518169262714	0.7098597265522717	0.15462210418501426
31463	0.13219323717410858	0.34730962497622664	0.5204971378496648
31464	0.11617416525127397	0.6434596328812378	0.24036620186748825
31465	0.27429831080665107	0.620634756647087	0.10506693254626193
31466	0.18164092993155428	0.7055652698739812	0.11279380019446454
31467	0.17034148411526798	0.7274145721404327	0.1022439437442993
31468	0.2692683112545021	0.6470127389776812	0.08371894976781666
31469	0.23859274337050734	0.6472598093806987	0.11414744724879393
31470	0.1729020732319458	0.7749472892376166	0.0521506375304377
31471	0.18451315983851144	0.4343218220078331	0.38116501815365533
31472	0.1727421845093432	0.5427933742962393	0.28446444119441744
31473	0.3681114517641207	0.47457377346791974	0.15731477476795955
31474	0.15299343657474324	0.4887134659862856	0.3582930974389711
31475	0.023753119406703098	0.9552880339889298	0.020958846604367084
31476	0.023086391719945566	0.9564017881694242	0.020511820110630297
31477	0.35010287548986596	0.5863048190848715	0.06359230542526254
31478	0.11973848541018818	0.3308470415008317	0.5494144730889801
31479	0.08379706038359173	0.6812483205563535	0.23495461906005477
31480	0.12845101359642447	0.6820352069535082	0.1895137794500673
31481	0.2745633934898099	0.397364825263643	0.3280717812465472
31482	0.1477142191926679	0.7383010207584842	0.11398476004884789
31483	0.1129544525127501	0.26974982140798975	0.6172957260792601
31484	0.29668578730697187	0.45603987907412946	0.24727433361889864
31485	0.20387229019308042	0.5675568680781234	0.22857084172879616
31486	0.12698190858418537	0.6319995166297194	0.24101857478609529
31487	0.0642574717943348	0.5404422690212068	0.3953002591844583
31488	0.0806688950633229	0.2503287943335514	0.6690023106031256
31489	0.08378094525004567	0.7443621453454337	0.17185690940452067
31490	0.05173616648804679	0.9155961869483338	0.03266764656361944
31491	0.35576735333809073	0.5428153060846463	0.10141734057726283
31492	0.41931013794276645	0.44969624224271354	0.1309936198145199
31493	0.2825462887265324	0.6076875102101192	0.10976620106334833
31494	0.07850629643608222	0.8414743844632239	0.08001931910069392
31495	0.12108114868034067	0.786683959941586	0.09223489137807342
31496	0.17023822468338284	0.7451713731906334	0.08459040212598369
31497	0.22790474311461012	0.6787671595960854	0.09332809728930459
31498	0.07475593539316604	0.7389110518583687	0.1863330127484652
31499	0.1897009922518724	0.7289693106372643	0.08132969711086332
31500	0.16009550865099692	0.7836475306809476	0.05625696066805549
31501	0.1907472261413705	0.7053663529524347	0.10388642090619482
31502	0.23261694917408088	0.6843817607932131	0.0830012900327061
31503	0.2221016621039439	0.7021574867813857	0.07574085111467041
31504	0.2615367768753093	0.6625918496180423	0.07587137350664849
31505	0.2500556680098687	0.6558045617775045	0.09413977021262677
31506	0.22341286108751343	0.5563020336693462	0.22028510524314038
31507	0.07315596067065597	0.8899368653425913	0.036907173986752716
31508	0.17479549134298022	0.6115763014359771	0.21362820722104273
31509	0.31063499096784564	0.5622081375943068	0.12715687143784757
31510	0.23198541432941555	0.682376342055422	0.08563824361516252
31511	0.23472147969327098	0.6637220181363277	0.10155650217040128
31512	0.0952090338269331	0.6758034269341866	0.2289875392388803
31513	0.10823134393115094	0.7632994912220106	0.12846916484683849
31514	0.15163780855381967	0.6962904888640393	0.15207170258214095
31515	0.30381429615798333	0.6007829900093954	0.09540271383262139
31516	0.2056772946216295	0.6861726654376918	0.10815003994067864
31517	0.23849187141457195	0.6783568727069779	0.08315125587845017
31518	0.1968589088250777	0.7168599139021768	0.08628117727274542
31519	0.2638487170947256	0.6352338857067307	0.10091739719854369
31520	0.5433789995345704	0.38050008911494904	0.0761209113504806
31521	0.23473944376007663	0.6287244702686808	0.1365360859712425
