40860	0.1061749372135793	0.24443599807758634	0.6493890647088344
40861	0.2563812460526358	0.4856090903945205	0.2580096635528437
40862	0.2313382365163785	0.6463386715255683	0.1223230919580532
40863	0.19471654004474076	0.6088031300429217	0.1964803299123376
40864	0.05675510873676516	0.2435281800700124	0.6997167111932224
40865	0.1514194727265433	0.6424756121855131	0.20610491508794362
40866	0.24763172489099958	0.6252200678692617	0.12714820723973883
40867	0.06269483984831001	0.36237217752552214	0.5749329826261679
40868	0.32765896955966634	0.5419255601626605	0.13041547027767328
40869	0.03953306546219461	0.6423307199718016	0.3181362145660038
40870	0.12256526669884649	0.6672760621960789	0.21015867110507466
40871	0.12364685862323799	0.7510087628256795	0.1253443785510824
40872	0.02679089834184979	0.4693300187866632	0.5038790828714871
40873	0.19346399809833517	0.6290087191443565	0.17752728275730825
40874	0.6835710995229375	0.2142850120687415	0.10214388840832096
40875	0.37732803879146837	0.5072487688192328	0.11542319238929888
40876	0.03134660531244351	0.1833271371529343	0.7853262575346223
40877	0.12109100073991773	0.708092490776329	0.1708165084837533
40878	0.19377460266223404	0.5608082090330123	0.24541718830475368
40879	0.2139847558916882	0.6542532414725308	0.13176200263578097
40880	0.06902448866759946	0.7281182341251992	0.20285727720720134
40881	0.30126221524781516	0.6003949114420837	0.0983428733101011
40882	0.029114339942379358	0.24975422765446167	0.721131432403159
40883	0.08863493393744212	0.7192507229693258	0.19211434309323216
40884	0.4313275553581473	0.4571919134074605	0.11148053123439212
40885	0.31543474184850245	0.4099220678714466	0.274643190280051
40886	0.174008037012655	0.2712681971062417	0.5547237658811032
40887	0.29925355998317044	0.6096272108019846	0.09111922921484494
40888	0.12864003171097504	0.754244170135868	0.11711579815315692
40889	0.2678461183273144	0.6355088624124474	0.09664501926023816
40890	0.07610606347167542	0.6079809526639651	0.3159129838643595
40891	0.26102904149523026	0.5926703288620376	0.1463006296427322
40892	0.2647627510422276	0.6447638012812988	0.09047344767647364
40893	0.05374502625352818	0.46182682768186417	0.4844281460646076
40894	0.12900178652324817	0.7107572398498379	0.16024097362691403
40895	0.1489085235990245	0.3211104685390558	0.5299810078619197
40896	0.3053944887159374	0.5354637260448074	0.15914178523925523
40897	0.3908664098992656	0.582577199025274	0.026556391075460366
40898	0.35324426534107506	0.511911408561895	0.13484432609702998
40899	0.45623845407959873	0.48228871083970104	0.06147283508070019
40900	0.11392382847091073	0.4341553404229212	0.45192083110616815
40901	0.2334418809254127	0.6452709047666905	0.12128721430789684
40902	0.022057197658451363	0.7943042585567791	0.1836385437847696
40903	0.4890826647996313	0.49390980655571864	0.017007528644650084
40904	0.13946686455705548	0.7422352735819495	0.11829786186099495
40905	0.11529152640567167	0.7456305661415286	0.13907790745279983
40906	0.1047873144980124	0.707704895648454	0.18750778985353353
40907	0.06842887629548766	0.37627308429390205	0.5552980394106104
40908	0.13501990690299656	0.7429347152290892	0.12204537786791429
40909	0.13781029206009185	0.3720728943400481	0.49011681359986004
40910	0.09397796362413126	0.5072852887756646	0.3987367476002043
40911	0.18513287160785732	0.5817236944781945	0.2331434339139482
40912	0.1491509020504644	0.7939777851246059	0.05687131282492967
40913	0.08863493393744212	0.7192507229693258	0.19211434309323216
40914	0.055103889651013364	0.4217819449462894	0.5231141654026973
40915	0.13277789429401887	0.5745430396932473	0.2926790660127338
40916	0.29314528339484697	0.6826809799088868	0.02417373669626625
40917	0.11859173876384586	0.701752423519584	0.1796558377165702
40918	0.24990083787265602	0.6464134291964091	0.10368573293093492
40919	0.22823937537050418	0.6460417643501856	0.12571886027931023
40920	0.16206921883230613	0.646875211736516	0.19105556943117788
40921	0.2260885197033875	0.6641830601953312	0.1097284201012813
40922	0.09639254041455785	0.48034807573811134	0.4232593838473308
40923	0.11502335488688681	0.47615247661974786	0.40882416849336534
40924	0.057038052871730104	0.8383255838788612	0.10463636324940874
40925	0.08785327656285939	0.4988323880314521	0.41331433540568846
40926	0.1545645814222054	0.6079312879141583	0.23750413066363638
40927	0.19459375999180306	0.333944993524271	0.471461246483926
40928	0.42975084426314786	0.502868220026283	0.06738093571056913
40929	0.17361495259678236	0.7618674046865946	0.06451764271662308
40930	0.20694114175550626	0.7132323930607123	0.0798264651837814
40931	0.23872817202200988	0.579223568531005	0.1820482594469851
40932	0.38556592787587024	0.5662014508080526	0.048232621316077195
40933	0.05652325063274591	0.31431092442167446	0.6291658249455797
40934	0.09440886426972785	0.6569568150715468	0.24863432065872543
40935	0.2793654573618133	0.5513462804581204	0.1692882621800663
40936	0.17161600879685765	0.566534398521894	0.2618495926812483
40937	0.15309589931644096	0.3673183086554768	0.47958579202808227
40938	0.09639254041455785	0.48034807573811134	0.4232593838473308
40939	0.0882687379703168	0.7105901461953548	0.2011411158343284
40940	0.05108856140256737	0.32791650137208683	0.6209949372253457
40941	0.13251904548587742	0.6010377459248718	0.26644320858925086
40942	0.0987904526945044	0.8304846727350885	0.07072487457040716
40943	0.27685610713965025	0.5460692322846271	0.17707466057572263
40944	0.12146822107170802	0.38039079210258253	0.49814098682570956
40945	0.19183638819973123	0.7140102723870132	0.09415333941325567
40946	0.2404741746041971	0.6459041184931927	0.11362170690261025
40947	0.21799060445225096	0.5505940129719825	0.23141538257576655
40948	0.5479269394121077	0.29403880673811117	0.158034253849781
40949	0.126405859206673	0.7213890687980523	0.15220507199527472
40950	0.35583226187579514	0.5442516184185722	0.09991611970563277
40951	0.4352637117422991	0.43415237801797046	0.1305839102397304
40952	0.4272424538727451	0.3801904883773197	0.19256705774993524
40953	0.12424477600593381	0.7989399241518643	0.07681529984220191
40954	0.1860412632067914	0.6830256269365734	0.1309331098566352
40955	0.09198910250132748	0.3994077830286419	0.5086031144700307
40956	0.14881056664893422	0.48570867559452197	0.36548075775654376
40957	0.13462482470700407	0.5884827756701245	0.27689239962287143
40958	0.08489694678290187	0.5203445862093337	0.39475846700776446
40959	0.17855751398807138	0.7187161851943856	0.10272630081754296
40960	0.18464582726919862	0.73847757972423	0.07687659300657139
40961	0.031981759310314196	0.2688264005579939	0.6991918401316919
40962	0.08969038273569044	0.5267484098479315	0.383561207416378
40963	0.32340645996808803	0.6000249813535216	0.07656855867839038
40964	0.08572063687699615	0.7000547236886914	0.2142246394343125
40965	0.09675324872342518	0.6635309121749975	0.23971583910157734
40966	0.2181475757056884	0.7018973787597702	0.07995504553454132
40967	0.047034866469027846	0.47476446848003373	0.47820066505093844
40968	0.3062987097302993	0.6345423087098938	0.05915898155980684
40969	0.26975540439504586	0.6708395212967814	0.0594050743081727
40970	0.12617445861518264	0.469715553548653	0.4041099878361643
40971	0.15191835566932246	0.7945413137126436	0.053540330618033996
40972	0.07736823617638247	0.642163120964666	0.28046864285895157
40973	0.11971199080255115	0.4433468921632111	0.4369411170342378
40974	0.15493848553803424	0.7353994317773702	0.10966208268459558
40975	0.29970354050991127	0.5497863360018771	0.15051012348821166
40976	0.16958114365243823	0.36387459132119926	0.4665442650263625
40977	0.19044017992855014	0.5280710032853928	0.2814888167860571
40978	0.08916861107206654	0.6571007413308141	0.2537306475971193
40979	0.16914608436510978	0.34496656859269753	0.48588734704219283
40980	0.20228035382220866	0.6283937057246524	0.16932594045313903
40981	0.20797967654116706	0.6603193502592096	0.13170097319962326
40982	0.07858907180299017	0.5276918740692442	0.39371905412776553
40983	0.2340064026091165	0.559757022942376	0.20623657444850765
40984	0.22068083948732858	0.22539446405916297	0.5539246964535084
40985	0.24771267431462823	0.5862123822164802	0.16607494346889157
40986	0.21272237201055302	0.27197668956831245	0.5153009384211346
40987	0.17225942641732864	0.6783963425906269	0.14934423099204447
40988	0.04604457520482155	0.4263953961889247	0.5275600286062537
40989	0.047584373354754815	0.8645942208235989	0.08782140582164628
40990	0.07926093277974898	0.5344459024493652	0.3862931647708858
40991	0.03177762768758274	0.6106066451598487	0.35761572715256856
40992	0.188767798250579	0.6714981237508962	0.13973407799852475
40993	0.16743173382723905	0.6575120633072533	0.17505620286550766
40994	0.021870489396163664	0.088310442118772	0.8898190684850644
40995	0.15379395480649707	0.7393517939569914	0.10685425123651163
40996	0.37836622063955844	0.49004758015695704	0.13158619920348444
40997	0.3846108364429143	0.513437002859666	0.10195216069741965
40998	0.251756162503314	0.5973002590380342	0.15094357845865178
40999	0.07982194434121118	0.5854774962971218	0.3347005593616671
41000	0.06173270044516329	0.706483523827044	0.2317837757277926
41001	0.3545682638325213	0.5105493627338036	0.13488237343367507
41002	0.18678405526770234	0.45350600885622516	0.3597099358760725
41003	0.12243155485359074	0.7523297393188537	0.12523870582755553
41004	0.16403055860047674	0.42444587528075445	0.41152356611876884
41005	0.09041049138785986	0.7338772508056604	0.17571225780647978
41006	0.30800781155301055	0.5011850424373193	0.1908071460096701
41007	0.1772153872587086	0.6930723348778153	0.12971227786347617
41008	0.14124410909763657	0.6287789759608889	0.22997691494147451
41009	0.058950980139041834	0.4295351062921777	0.5115139135687805
41010	0.2295882946753649	0.524214965350518	0.2461967399741171
41011	0.1593888141028661	0.7467556360426014	0.09385554985453246
41012	0.2236621488359548	0.5705310820795609	0.20580676908448411
41013	0.1795161603086994	0.4288410603223179	0.3916427793689828
41014	0.11034380449207387	0.527646889602099	0.36200930590582703
41015	0.3153521257750475	0.4802755919295978	0.2043722822953547
41016	0.2910192797751861	0.5735543795400717	0.13542634068474207
41017	0.20598401885259815	0.5941626606204751	0.19985332052692678
41018	0.37864287089202153	0.47923013451687657	0.14212699459110198
41019	0.06679348175879013	0.5169032728048335	0.4163032454363763
41020	0.19806874859617557	0.6094429137266126	0.19248833767721188
41021	0.032624796331940625	0.2989466438837481	0.6684285597843113
41022	0.16901909508134655	0.6926542388552842	0.1383266660633691
41023	0.08105783819222588	0.34843679370590713	0.5705053681018669
41024	0.04294706418999131	0.29135762071377735	0.6656953150962313
41025	0.3367984743745569	0.5241941900594266	0.13900733556601647
41026	0.1160847099281073	0.7479152831552909	0.1360000069166018
41027	0.05826650972103831	0.5039715212664131	0.4377619690125487
41028	0.03797904705685052	0.27987347257320266	0.6821474803699469
41029	0.09299556057702507	0.4251682208015586	0.4818362186214164
41030	0.2661777558219203	0.6101565991114697	0.12366564506661007
41031	0.08315666589265588	0.3097376059408603	0.6071057281664838
41032	0.09198910250132748	0.3994077830286419	0.5086031144700307
41033	0.09648939114235908	0.40854777241944806	0.49496283643819283
41034	0.13398543049217534	0.592884249910087	0.27313031959773754
41035	0.2421138901047156	0.6393263841934099	0.11855972570187451
41036	0.09986679972764514	0.7502993972677767	0.1498338030045781
41037	0.16481767674738082	0.6147753636811994	0.2204069595714198
41038	0.05013336144682782	0.7660571080047359	0.18380953054843627
41039	0.1489829624274742	0.6993605606844074	0.15165647688811834
41040	0.1589789817543767	0.5892686614092132	0.2517523568364101
41041	0.09975486314568024	0.27940734488310776	0.620837791971212
41042	0.08148553824814327	0.7520306347240571	0.16648382702779962
41043	0.039588861585214526	0.7336641940929687	0.22674694432181686
41044	0.1840072100040305	0.7181667124352632	0.0978260775607063
41045	0.21614619871333593	0.6048073641138385	0.17904643717282548
41046	0.17747087690790853	0.4041643515077792	0.4183647715843123
41047	0.22760379595608682	0.7096584169505644	0.06273778709334873
41048	0.29165932831886987	0.5785611457380729	0.12977952594305714
41049	0.2584140168751157	0.556884483708675	0.1847014994162092
41050	0.06014299089507863	0.6309928444463193	0.3088641646586021
41051	0.29560103814696365	0.5668591875622828	0.1375397742907536
41052	0.1504532095659383	0.7578307792649531	0.0917160111691086
41053	0.2875845867527033	0.6398462112794278	0.0725692019678688
41054	0.32897945953795005	0.6477868593790209	0.023233681083029104
41055	0.31454576099215004	0.5096849456168638	0.17576929339098607
41056	0.10145267615771816	0.49650071340593116	0.4020466104363506
41057	0.16381458031438456	0.4567161590803056	0.3794692606053098
41058	0.13020565017677624	0.6787436479716301	0.19105070185159367
41059	0.14721071110208883	0.6277571612056783	0.22503212769223294
41060	0.22696422417896223	0.7230710617096885	0.04996471411134925
41061	0.0885201467602168	0.33126189144720114	0.580217961792582
41062	0.12074838669148147	0.33909868051381664	0.5401529327947019
41063	0.26066139834666835	0.569313264463591	0.1700253371897406
41064	0.18876805830237353	0.6882843169888065	0.12294762470881997
41065	0.07645368222631707	0.4522633780921355	0.47128293968154733
41066	0.06775053256420635	0.563512490401679	0.36873697703411473
41067	0.10350682289289242	0.4153432883100436	0.481149888797064
41068	0.22082498642597073	0.6401548252028211	0.13902018837120822
41069	0.4283855665145045	0.5042036780291601	0.06741075545633539
41070	0.0852253532809402	0.35990941229198714	0.5548652344270727
41071	0.19806874859617557	0.6094429137266126	0.19248833767721188
41072	0.5537251432940891	0.35220396144474486	0.09407089526116612
41073	0.23214047458375237	0.4698091430141805	0.2980503824020671
41074	0.08699789409556091	0.8196162173617619	0.0933858885426771
41075	0.43483143984412054	0.47908089479331195	0.08608766536256747
41076	0.19806874859617557	0.6094429137266126	0.19248833767721188
41077	0.46420315633685433	0.4749429070137131	0.060853936649432554
41078	0.18445605850062585	0.5859052410806994	0.22963870041867473
41079	0.31908008157681295	0.5266138476961014	0.1543060707270857
41080	0.10270754389724454	0.764097378803165	0.13319507729959043
41081	0.14907011177450075	0.31805433042176257	0.5328755578037367
41082	0.298996007252219	0.5057657877060631	0.19523820504171807
41083	0.08928016398563611	0.7764716015233427	0.13424823449102122
41084	0.18496818503030676	0.6802549123805401	0.13477690258915312
41085	0.20858818533263465	0.5779715176672581	0.21344029700010722
41086	0.35336486974735654	0.5535074879533798	0.09312764229926368
41087	0.0634779398496829	0.3712546927548897	0.5652673673954274
41088	0.08899179784773174	0.3765391366507823	0.534469065501486
41089	0.13409500811829284	0.6992961967364069	0.16660879514530025
41090	0.2807579403420832	0.6411527444451011	0.07808931521281581
41091	0.10879679530987206	0.5852696604411035	0.30593354424902447
41092	0.15818694144235923	0.48639445168027	0.3554186068773707
41093	0.17757129248459338	0.662803988137087	0.15962471937831965
41094	0.28081322825272287	0.5879557396244497	0.1312310321228274
41095	0.11101928146217589	0.7217274173990833	0.1672533011387408
41096	0.04792532612941562	0.5718423575639621	0.3802323163066223
41097	0.24663231525232213	0.6425936890851224	0.1107739956625555
41098	0.3910121025818779	0.5076544264060208	0.1013334710121012
41099	0.10917560060013064	0.799576525033081	0.09124787436678836
41100	0.09198910250132748	0.3994077830286419	0.5086031144700307
41101	0.06268457069621299	0.4604028090246932	0.47691262027909387
41102	0.0659556793980321	0.767230479625149	0.16681384097681887
41103	0.15029169922795052	0.6830245827444824	0.166683718027567
41104	0.3626679390506123	0.5388118614103736	0.0985201995390142
41105	0.16527303037754054	0.691069595576365	0.14365737404609444
41106	0.21274276527856048	0.6183890747462466	0.1688681599751929
41107	0.3247636378970064	0.5545795942828048	0.12065676782018879
41108	0.0329314479798305	0.21358539411467425	0.7534831579054952
41109	0.18126400228435338	0.737326185195063	0.08140981252058364
41110	0.18327658595504856	0.6848572970708596	0.13186611697409184
41111	0.10592782577034825	0.7587496134488437	0.13532256078080807
41112	0.3110610795365984	0.6161578913370109	0.07278102912639066
41113	0.13439882911439913	0.7601350951257076	0.10546607575989334
41114	0.3824546413930492	0.4898894025978449	0.12765595600910593
41115	0.4061120386630833	0.492360180206505	0.10152778113041175
41116	0.11024621657457682	0.6699678120877027	0.2197859713377205
41117	0.12776971778697038	0.26224922399094014	0.6099810582220895
41118	0.2983599017952211	0.5077136895007301	0.19392640870404873
41119	0.11446713163949983	0.5859962843930256	0.29953658396747457
41120	0.2240704645330082	0.5908347485391365	0.1850947869278553
41121	0.06408799351402594	0.4745842541427008	0.46132775234327317
41122	0.18589571694341195	0.6818928405875297	0.13221144246905828
41123	0.049498267256220474	0.4276434090608909	0.5228583236828885
41124	0.10692294217144095	0.38097276612847997	0.512104291700079
41125	0.05103601504084035	0.7066398562510702	0.24232412870808956
41126	0.10244683518153648	0.3425015685481367	0.555051596270327
41127	0.23077202488137322	0.5857574040942626	0.1834705710243643
41128	0.33107043709956985	0.532891730349185	0.13603783255124513
41129	0.1038440637591598	0.7781121012079483	0.11804383503289184
41130	0.04863756828634648	0.5187191771483101	0.4326432545653433
41131	0.28820881344655375	0.6221963951312589	0.0895947914221874
41132	0.06449267054881395	0.5844577414151143	0.3510495880360718
41133	0.21959482063870017	0.6986418869544067	0.08176329240689319
41134	0.16269419486595638	0.4734546217276572	0.3638511834063864
41135	0.13256336823954956	0.4507974458626051	0.4166391858978453
41136	0.1332445002849151	0.6927206217177774	0.17403487799730755
41137	0.31940789410354936	0.5367065930498608	0.14388551284658996
41138	0.12912594358016447	0.5745196373090651	0.2963544191107704
41139	0.13256336823954956	0.4507974458626051	0.4166391858978453
41140	0.3472593783437924	0.5449592960564499	0.10778132559975773
41141	0.1100787797517322	0.3346660198892377	0.5552552003590301
41142	0.2690236491000909	0.5871603901277159	0.14381596077219322
41143	0.08996313286501627	0.6971178568098492	0.21291901032513444
41144	0.4552559838182226	0.5218166316431319	0.02292738453864555
41145	0.09531528418144515	0.6144551910751707	0.2902295247433841
41146	0.16666706950932125	0.7010454966830033	0.1322874338076754
41147	0.16565587986710653	0.4985347654001614	0.33580935473273205
41148	0.29233852872973726	0.46796551841282563	0.2396959528574371
41149	0.1213917984643778	0.8071994598171337	0.0714087417184885
41150	0.2211242455723085	0.7004976032141854	0.07837815121350604
41151	0.1397268560530542	0.6545064323315026	0.20576671161544313
41152	0.02586925220350608	0.3905365584299041	0.5835941893665898
41153	0.14498416792173732	0.5338481584943793	0.3211676735838834
41154	0.253760859624105	0.6472305791477959	0.0990085612280992
41155	0.059692826842095356	0.3231308929116757	0.617176280246229
41156	0.04180710965862301	0.3380287707663839	0.6201641195749931
41157	0.1032848982479898	0.7371278968494797	0.1595872049025305
41158	0.16097636691301395	0.6060108845985509	0.2330127484884351
41159	0.18052399781053577	0.6760840419479831	0.14339196024148126
41160	0.14707237564029502	0.5681680509408787	0.28475957341882624
41161	0.12748918361834471	0.4757225010789046	0.39678831530275077
41162	0.25979743610566763	0.6517769053662934	0.08842565852803899
41163	0.04918079897972736	0.5344930202415356	0.416326180778737
41164	0.11549791395660697	0.7602667075571126	0.12423537848628043
41165	0.12239571753480381	0.31995644789944594	0.5576478345657503
41166	0.2669136057941663	0.5505791005305495	0.18250729367528432
41167	0.2146342202291611	0.6410424125444596	0.1443233672263793
41168	0.5939643372597843	0.3532026482943118	0.05283301444590393
41169	0.25074233870641793	0.5942875616983311	0.15497009959525113
41170	0.2091373877287856	0.6145317441476864	0.1763308681235279
41171	0.26998381066179694	0.6401690373994459	0.08984715193875722
41172	0.05221956803157401	0.6156271927694444	0.3321532391989816
41173	0.8229064408117925	0.1308679071213622	0.046225652066845355
41174	0.14987756332622235	0.5658160273645181	0.28430640930925954
41175	0.34924663051706306	0.517933532108136	0.13281983737480094
41176	0.14180506037645654	0.6630699958113817	0.19512494381216178
41177	0.06931384823332615	0.4201542496189814	0.5105319021476924
41178	0.37067252915379645	0.5251394871782079	0.10418798366799571
41179	0.18981986521160582	0.1474640929100253	0.6627160418783689
41180	0.24616543602311672	0.6284251801805649	0.12540938379631844
41181	0.08194077811749874	0.5445350048429065	0.37352421703959465
41182	0.17113874204244453	0.7348162737811371	0.09404498417641828
41183	0.08463459537796039	0.24385598673676137	0.6715094178852782
41184	0.07230423742755544	0.8425174236433013	0.0851783389291433
41185	0.3471766466000202	0.4662648406860916	0.18655851271388815
41186	0.8491843794680104	0.11085016682253321	0.03996545370945637
41187	0.07884353497303401	0.2822990566804107	0.6388574083465554
41188	0.1318252408725395	0.7856968918243165	0.08247786730314399
41189	0.16525501122803848	0.593295995690342	0.24144899308161955
41190	0.05002892744925091	0.5316170403510897	0.4183540321996594
41191	0.14145531742075776	0.7108677428746878	0.14767693970455445
41192	0.10901488866056307	0.6113310485358283	0.2796540628036086
41193	0.37067252915379645	0.5251394871782079	0.10418798366799571
41194	0.35185866455395054	0.5628881611510602	0.08525317429498938
41195	0.13048077194379004	0.6324095842080396	0.23710964384817038
41196	0.14477198700079977	0.6067223790466543	0.24850563395254602
41197	0.09909224168999514	0.621593394072406	0.2793143642375988
41198	0.08451443966113431	0.424002695164373	0.49148286517449263
41199	0.05408390051423025	0.509912520955356	0.43600357853041377
41200	0.04410949872054281	0.1552692043489683	0.8006212969304889
41201	0.1269249330255151	0.36605411875956906	0.507020948214916
41202	0.12256255418961373	0.23929515597108353	0.6381422898393028
41203	0.27476812792049976	0.4358276275911468	0.2894042444883535
41204	0.41276103520552043	0.5278269532146221	0.05941201157985743
41205	0.33211320498447355	0.4737551943539725	0.194131600661554
41206	0.08775074075886018	0.3777781381972546	0.5344711210438852
41207	0.3293587598391517	0.5688637285088208	0.10177751165202753
41208	0.1005366401166211	0.596720750598958	0.30274260928442087
41209	0.13109179375089017	0.3814549092375574	0.4874532970115524
41210	0.08102398100187376	0.27203273805835937	0.6469432809397668
41211	0.10549967438782756	0.43992830090115237	0.4545720247110201
41212	0.23562731983558735	0.6589976331604321	0.1053750470039804
41213	0.04885129828382495	0.45155769686170255	0.4995910048544725
41214	0.11960357602990683	0.7099772116025467	0.17041921236754645
41215	0.07995485041993912	0.7469649668521282	0.17308018272793263
41216	0.2747655796772624	0.619177259872272	0.10605716045046568
41217	0.18411998045941236	0.6111406966340239	0.20473932290656385
41218	0.2411910527824161	0.6429668574030888	0.11584208981449523
41219	0.11106709196964298	0.36313145579609224	0.5258014522342648
41220	0.13339440714795978	0.7213019331154287	0.14530365973661152
41221	0.10921280632948614	0.7124383870582102	0.17834880661230368
41222	0.2794133228523013	0.6626984189202979	0.05788825822740074
41223	0.37348793099318933	0.3827862973506642	0.24372577165614653
41224	0.11509071526435191	0.2699121043465322	0.614997180389116
41225	0.04152379669272759	0.11485779384241827	0.8436184094648541
41226	0.21426794223391488	0.33461094160842203	0.45112111615766315
41227	0.2957550892782357	0.5978524821189055	0.10639242860285879
41228	0.1919508332335369	0.7114977945808566	0.09655137218560646
41229	0.1366826517930341	0.6468183414561222	0.2164990067508437
41230	0.5938442628579766	0.3392266158831249	0.06692912125889847
41231	0.4456863917620085	0.44072093824069836	0.11359266999729309
41232	0.04484823746887706	0.22457309445515705	0.7305786680759658
41233	0.13925481358477454	0.6514143319672563	0.20933085444796926
41234	0.36074314098234883	0.5936046417845084	0.0456522172331428
41235	0.2174066517313172	0.6594966049402475	0.1230967433284353
41236	0.25699128471597976	0.6568237526694148	0.08618496261460534
41237	0.14634410151143712	0.6817117544922968	0.17194414399626604
41238	0.2313382365163785	0.6463386715255683	0.1223230919580532
41239	0.044353083082300966	0.6736357818161989	0.2820111351015002
41240	0.5737377825609682	0.32549004358885186	0.10077217385017992
41241	0.2566171488928251	0.603600443319029	0.13978240778814605
41242	0.27135476654953916	0.5857511730564202	0.14289406039404068
41243	0.38390847420325236	0.45047751943641323	0.16561400636033444
41244	0.47763796736820074	0.4750065440904375	0.04735548854136179
41245	0.037496796478067744	0.7724691134637479	0.19003409005818422
41246	0.32137171796576147	0.5956401110062793	0.0829881710279592
41247	0.0401588748125938	0.2870447938398522	0.672796331347554
41248	0.10379885503267827	0.52920559961405	0.3669955453532717
41249	0.07325684626247934	0.7568909280405391	0.16985222569698152
41250	0.37958421422476285	0.4592400365072859	0.1611757492679513
41251	0.09349064399506402	0.5238389522676177	0.38267040373731837
41252	0.048446610374878615	0.3797245107083792	0.5718288789167423
41253	0.12332117678671185	0.6553448199362495	0.22133400327703856
41254	0.15471920900144362	0.7686647001891155	0.07661609080944089
41255	0.2620699040552471	0.6726806743632443	0.06524942158150868
41256	0.07531771587377556	0.555996654941457	0.36868562918476755
41257	0.09833360434139234	0.6254857861723856	0.27618060948622214
41258	0.18098915724955814	0.6894192794445378	0.12959156330590396
41259	0.03114289903684517	0.3124447749040554	0.6564123260590993
41260	0.10053859329376225	0.4150207403011214	0.4844406664051164
41261	0.21610573916878292	0.643380672228642	0.14051358860257504
41262	0.35949471764487345	0.41478907018478134	0.22571621217034524
41263	0.14529499647028044	0.7355027774770977	0.11920222605262196
41264	0.04724766158482898	0.30594479407997266	0.6468075443351984
41265	0.1251973216193308	0.5797619402229531	0.29504073815771603
41266	0.1966083925818117	0.7315130853807135	0.07187852203747488
41267	0.09676517796755879	0.2769529695188508	0.6262818525135904
41268	0.14255837984098949	0.7107415111704785	0.146700108988532
41269	0.1903699868664666	0.6774962609193754	0.1321337522141581
41270	0.06613725792938258	0.33639494433864686	0.5974677977319706
41271	0.13304306302275493	0.5549781651548783	0.31197877182236683
41272	0.16898238017127196	0.6217715134042374	0.20924610642449062
41273	0.2076843043092903	0.6153577700048927	0.176957925685817
41274	0.09329267490315812	0.8133198949936363	0.09338743010320552
41275	0.10827343465083519	0.7767797965689662	0.11494676878019859
41276	0.1534537512377176	0.7396842015800914	0.10686204718219093
41277	0.20293810683721153	0.6786584205230242	0.11840347263976433
41278	0.1520181425006502	0.45736973663671393	0.3906121208626359
41279	0.08591401160345988	0.2745857260643337	0.6395002623322066
41280	0.29020597045279295	0.5971317146178644	0.1126623149293427
41281	0.05397669279817178	0.533853752285689	0.41216955491613916
41282	0.17225942641732864	0.6783963425906269	0.14934423099204447
41283	0.18282145827072485	0.7659985804086784	0.05117996132059664
41284	0.11290785406915738	0.29616678015499637	0.5909253657758462
41285	0.12342276073520357	0.4046315834695967	0.4719456557951997
41286	0.23450021681634722	0.6753163112492978	0.0901834719343551
41287	0.16171279311842762	0.6595098825088646	0.17877732437270774
41288	0.15444514486012637	0.6469147672072159	0.19864008793265775
41289	0.0843561249149826	0.44243042830793444	0.473213446777083
41290	0.3428501150149497	0.5790774309294331	0.07807245405561714
41291	0.013817267471438752	0.14225112067008736	0.8439316118584738
41292	0.20760413558051316	0.6469560285025071	0.1454398359169798
41293	0.15667585622792815	0.3838301890919711	0.45949395468010074
41294	0.30089443646959	0.5791020808479072	0.12000348268250277
41295	0.1365373216934426	0.698018504015263	0.16544417429129446
41296	0.22521813027637472	0.6483149344045029	0.12646693531912234
41297	0.24149607861903027	0.43186918194050267	0.32663473944046706
41298	0.2144896064316114	0.5221635652946858	0.26334682827370287
41299	0.09554743934759162	0.7047515912652143	0.19970096938719414
41300	0.09130136511943085	0.6528229393858291	0.25587569549474
41301	0.05779446373537488	0.5645413504174557	0.3776641858471694
41302	0.19291686344300654	0.6448868765712412	0.1621962599857522
41303	0.28676199859607154	0.6460985503740552	0.0671394510298733
41304	0.0942809910655401	0.6500897234290618	0.2556292855053981
41305	0.1358996242320129	0.6445110786457771	0.21958929712221
41306	0.20994871461585482	0.28304101108841584	0.5070102742957293
41307	0.03607445895201597	0.9090002483119757	0.05492529273600833
41308	0.23675281510546203	0.4293976531572141	0.3338495317373238
41309	0.07693540442843902	0.6992404425164698	0.22382415305509124
41310	0.3893327188730913	0.45809232752431533	0.15257495360259332
41311	0.25467593952534895	0.5568459662128339	0.18847809426181714
41312	0.06489364755910898	0.7352792422280662	0.1998271102128248
41313	0.10210423236553409	0.6469838129187355	0.2509119547157304
41314	0.07041933620540582	0.2649310353304291	0.6646496284641652
41315	0.11492322275626793	0.6104643187186373	0.2746124585250948
41316	0.07593369616204466	0.7878097887105076	0.13625651512744774
41317	0.15882633033450344	0.7402160057406151	0.10095766392488145
41318	0.43909594599048146	0.3989578773637385	0.16194617664577998
41319	0.2503596920331301	0.5583397289882501	0.19130057897861966
41320	0.05859365760255243	0.32916196946252596	0.6122443729349217
41321	0.18747147849725518	0.5905877996441684	0.22194072185857644
41322	0.05593115369996545	0.6450139402279349	0.29905490607209956
41323	0.030792414263134834	0.755139536799154	0.21406804893771114
41324	0.006460929710945487	0.3659149602261189	0.6276241100629356
41325	0.146940153248123	0.7136792936601775	0.13938055309169953
41326	0.07835853218498455	0.3356474762883566	0.5859939915266588
41327	0.21977777627877274	0.6014216053778171	0.17880061834341016
41328	0.29165932831886987	0.5785611457380729	0.12977952594305714
41329	0.31728596638272133	0.49078646046660873	0.1919275731506699
41330	0.06846738665087225	0.437906460108983	0.4936261532401448
41331	0.1590368321616059	0.6815558768986106	0.1594072909397835
41332	0.073193863476538	0.7098147713231984	0.21699136520026358
41333	0.22930750110116135	0.7136729664747447	0.057019532424093994
41334	0.20906545155564782	0.6410299823245051	0.1499045661198471
41335	0.3610267868871307	0.46944903869309934	0.16952417441976997
41336	0.0023491964243444333	0.029117636814203922	0.9685331667614516
41337	0.5018476977840653	0.3857741886021264	0.11237811361380831
41338	0.31392024630038173	0.5450278208328407	0.14105193286677753
41339	0.11793678493958892	0.555967795594294	0.326095419466117
41340	0.18939371083375747	0.6302746885327898	0.18033160063345277
41341	0.31436737011394295	0.49026535304694513	0.19536727683911187
41342	0.13536529481114315	0.6163731943600773	0.2482615108287795
41343	0.37383678791880476	0.6183470466441813	0.007816165437014041
41344	0.09262834659689226	0.25104370990364977	0.656327943499458
41345	0.08070388454883644	0.7444656656595383	0.17483044979162526
41346	0.44322391283078405	0.3293870189960056	0.22738906817321036
41347	0.11017355692859652	0.6992019994221724	0.190624443649231
41348	0.4618565017185567	0.44905967424626303	0.0890838240351803
41349	0.10628295375941363	0.7189695856962572	0.1747474605443291
41350	0.07739492993820575	0.3710837011845326	0.5515213688772617
41351	0.18251649932951117	0.5730179659901862	0.24446553468030274
41352	0.1602552541826978	0.7554677567082104	0.08427698910909182
41353	0.11773216759621857	0.7307597262668583	0.15150810613692323
41354	0.07420285734588414	0.7420114386073763	0.18378570404673952
41355	0.1328722308497723	0.6868214304592584	0.18030633869096935
41356	0.13913961693462049	0.2692628695190338	0.5915975135463457
41357	0.30866492893032055	0.4064808524694181	0.2848542186002614
41358	0.08571012037443056	0.38029795247626197	0.5339919271493075
41359	0.16117424714792805	0.5120701129276762	0.3267556399243957
41360	0.13059224044012868	0.7871761320163935	0.08223162754347792
41361	0.0900186294766578	0.2563916587572871	0.6535897117660552
41362	0.20502370602599493	0.6483629523433507	0.1466133416306543
41363	0.0035590408369046726	0.02802179353269046	0.9684191656304049
41364	0.1708352504251837	0.5947988615779354	0.234365887996881
41365	0.08160193484227624	0.6882766597286567	0.23012140542906706
41366	0.11896982110684919	0.7777494517157396	0.10328072717741127
41367	0.3082454256375579	0.5974122634019083	0.0943423109605338
41368	0.30237044168457394	0.5426091300878284	0.15502042822759768
41369	0.11204042638018405	0.714551281915966	0.17340829170385005
41370	0.30361751826109956	0.5691351267854078	0.12724735495349265
41371	0.14037048898639673	0.32462374336179717	0.5350057676518062
41372	0.19712565055084094	0.6321396072247455	0.17073474222441357
41373	0.04694385149695356	0.7390423491946745	0.21401379930837194
41374	0.24097944403887694	0.5839888168118699	0.17503173914925318
41375	0.23389258817709235	0.48212962231365303	0.28397778950925456
41376	0.1904816365890395	0.7201619660284243	0.08935639738253609
41377	0.15441334884960667	0.8006465427073907	0.04494010844300255
41378	0.09911962901675664	0.7859165311049718	0.11496383987827155
41379	0.08229684901017567	0.7405496055935257	0.17715354539629874
41380	0.1562120241180748	0.6632499181550932	0.18053805772683207
41381	0.3708954671571733	0.46390393701975907	0.16520059582306756
41382	0.07768635749356347	0.6864594736390507	0.23585416886738578
41383	0.11204042638018405	0.714551281915966	0.17340829170385005
41384	0.1201365556208673	0.6625359837640794	0.21732746061505318
41385	0.36450519251691677	0.49842486378054174	0.13706994370254144
41386	0.13285571232081986	0.5075378113956417	0.35960647628353853
41387	0.10273615829899597	0.6493109896614803	0.24795285203952377
41388	0.21484233518721782	0.6351676733691923	0.14998999144358985
41389	0.4139471477316679	0.5096576803218354	0.07639517194649663
41390	0.04406724563177192	0.7856462137303989	0.17028654063782916
41391	0.2936888415402344	0.5773352826130999	0.12897587584666562
41392	0.19806874859617557	0.6094429137266126	0.19248833767721188
41393	0.40691856966948936	0.5109088052943479	0.08217262503616282
41394	0.356402822557063	0.520408678670614	0.1231884987723229
41395	0.06479034604543611	0.2813419774875956	0.6538676764669683
41396	0.23940980175052995	0.634646565715212	0.12594363253425792
41397	0.14417850446009578	0.6900081808973735	0.16581331464253074
41398	0.1484619751380227	0.715771329877032	0.13576669498494534
41399	0.21948215630795317	0.6643907457960402	0.11612709789600668
41400	0.2308522369163016	0.6157425699260272	0.1534051931576713
41401	0.06763869140456451	0.592146050926908	0.3402152576685275
41402	0.0759455084878595	0.6028550647800968	0.3211994267320437
41403	0.2692811709315403	0.6004419019747993	0.13027692709366043
41404	0.31723241187296775	0.5846074259924344	0.09816016213459781
41405	0.11045030922706844	0.7283472122524739	0.16120247852045758
41406	0.09639254041455785	0.48034807573811134	0.4232593838473308
41407	0.05695699348984281	0.30695947700689213	0.636083529503265
41408	0.19494289520786948	0.688550336814856	0.11650676797727448
41409	0.1966411580830018	0.4895939920954662	0.3137648498215319
41410	0.1921108479194304	0.5823604421405779	0.22552870993999172
41411	0.14056214655504767	0.6664005974008743	0.19303725604407804
41412	0.09930690116644479	0.33969294386836274	0.5610001549651925
41413	0.11684265386531914	0.760741834684813	0.1224155114498678
41414	0.15671598968819536	0.44502762883436037	0.3982563814774443
41415	0.13490592445403107	0.7605589966366834	0.10453507890928564
41416	0.3452221556419277	0.48860940561416777	0.16616843874390447
41417	0.19293069845319885	0.6506001772904592	0.156469124256342
41418	0.18213494854841608	0.6312463169592506	0.18661873449233332
41419	0.20163982694340865	0.664427739078287	0.13393243397830426
41420	0.25118724672059783	0.6897555169288717	0.059057236350530534
41421	0.20703702146902478	0.5349337984621325	0.2580291800688427
41422	0.21453236935709538	0.32658537535875615	0.4588822552841484
41423	0.5550422563738567	0.28112795700067417	0.16382978662546896
41424	0.1092110832556773	0.5489261275625901	0.3418627891817327
41425	0.3505870261067793	0.6096667525378753	0.03974622135534547
41426	0.41147271992375967	0.5310965697728921	0.05743071030334818
41427	0.050496507052781775	0.6660624612476963	0.2834410316995219
41428	0.07669685467444119	0.7765091367643615	0.14679400856119731
41429	0.09853776030048882	0.7487344403290577	0.15272779937045353
41430	0.2672339535096266	0.6515506700924978	0.08121537639787571
41431	0.08772012780634456	0.7438593372082277	0.16842053498542767
41432	0.06171358127687672	0.7965551626116955	0.14173125611142792
41433	0.12730177065676224	0.3456185974380065	0.5270796319052313
41434	0.38205286349168044	0.5118155670328096	0.10613156947550986
41435	0.7279548511178818	0.24120313758611914	0.03084201129599904
41436	0.09406842377860022	0.3208391714197783	0.5850924048016215
41437	0.220805235370277	0.5805072830847567	0.19868748154496635
41438	0.5973983241397118	0.31734807305045903	0.08525360280982905
41439	0.07292871970060746	0.3781159852393271	0.5489552950600655
41440	0.17320949767211458	0.6338942428213855	0.19289625950649988
41441	0.4386972456171426	0.46605440293429323	0.09524835144856432
41442	0.07448744438585508	0.4625712031862989	0.462941352427846
41443	0.1731919957608134	0.650527015829838	0.17628098840934872
41444	0.2017372919580851	0.5829447126387957	0.21531799540311916
41445	0.0448006014887935	0.628299797549852	0.32689960096135456
41446	0.7392950420363491	0.18335151311438933	0.07735344484926157
41447	0.10002038350316549	0.6936563357648499	0.20632328073198464
41448	0.3431080022053943	0.5338669413587742	0.12302505643583139
41449	0.15885043812166885	0.6862045974703345	0.15494496440799663
41450	0.24027848825269946	0.6529790165718528	0.10674249517544776
41451	0.29165932831886987	0.5785611457380729	0.12977952594305714
41452	0.07383286504006706	0.5510288179451283	0.37513831701480466
41453	0.154385437351431	0.5752241632747428	0.27039039937382614
41454	0.3451375283420533	0.5620228895345285	0.09283958212341822
41455	0.18214057900740005	0.6451601165211274	0.1726993044714726
41456	0.4346601756349239	0.5502740413029866	0.015065783062089498
41457	0.127955844887247	0.7012747786348547	0.17076937647789833
41458	0.1840759767849159	0.43011762253670427	0.3858064006783798
41459	0.10910037896639443	0.8303075631393382	0.06059205789426734
41460	0.37870776968659925	0.46754446751300216	0.15374776280039862
41461	0.5450200376692509	0.33680573181597456	0.11817423051477452
41462	0.0745933640016473	0.7797792226671139	0.1456274133312389
41463	0.1379856813309368	0.40454488293715013	0.4574694357319131
41464	0.29165932831886987	0.5785611457380729	0.12977952594305714
41465	0.35639951862137637	0.4865471255190256	0.157053355859598
41466	0.476881974487103	0.4032254568366895	0.1198925686762075
41467	0.18446857225829658	0.6006008105060161	0.2149306172356873
41468	0.1132287918858306	0.7633516204258263	0.1234195876883431
41469	0.1626052103504624	0.5929704490083638	0.2444243406411738
41470	0.19918237775483635	0.5663117570605309	0.2345058651846327
41471	0.3489214801462293	0.5176365968124188	0.1334419230413519
41472	0.2977811291157888	0.47872485258563363	0.22349401829857748
41473	0.12329834851536244	0.7770391186291309	0.0996625328555067
41474	0.11635117699273072	0.7249400482041357	0.15870877480313353
41475	0.23028027986832536	0.6134124561055919	0.15630726402608272
41476	0.21136238094440407	0.7198855755929005	0.06875204346269552
41477	0.05328631154195744	0.8594036714129458	0.08731001704509671
41478	0.31060176677398715	0.40082315470897	0.2885750785170428
41479	0.24148032798920188	0.7312531003452408	0.027266571665557262
41480	0.0877278686777988	0.8451509316791161	0.06712119964308506
