21257	0.22489529735413324	0.5474297282635819	0.22767497438228482
21258	0.1563226474353246	0.677992843081346	0.16568450948332936
21259	0.2141385569963422	0.5319043745780928	0.25395706842556504
21260	0.21233090288415438	0.6232066301133025	0.1644624670025432
21261	0.35584484496166063	0.44166533693608334	0.20248981810225605
21262	0.3346771698838453	0.4624806229104282	0.2028422072057265
21263	0.19105865959087728	0.5170163729859658	0.2919249674231568
21264	0.2608812842541361	0.521756608363601	0.21736210738226286
21265	0.20936302593952635	0.5732782342859776	0.2173587397744961
21266	0.1921633377730263	0.4712309140302343	0.3366057481967394
21267	0.1292953278238921	0.4366734382801935	0.4340312338959144
21268	0.22395623524866662	0.582097453202684	0.1939463115486494
21269	0.24054273093894737	0.5562285655227801	0.20322870353827252
21270	0.2189401683221121	0.5644066383080586	0.2166531933698293
21271	0.23593324548368985	0.5259155363288766	0.23815121818743365
21272	0.2199265347320341	0.5642602647897454	0.21581320047822047
21273	0.2052429284155456	0.6258259427660525	0.168931128818402
21274	0.3127363678274692	0.4948091436376206	0.19245448853491012
21275	0.2585503293334836	0.5430342139360792	0.19841545673043712
21276	0.25080937816782306	0.53858748895453	0.21060313287764681
21277	0.18900507659421295	0.6175020511491016	0.1934928722566854
21278	0.24053604266246137	0.5307483822114609	0.2287155751260777
21279	0.2697681500108286	0.4764856038083511	0.2537462461808203
21280	0.23903128481497185	0.5801894053447741	0.18077930984025406
21281	0.2544299303165552	0.5580411956745398	0.18752887400890492
21282	0.18269421735944646	0.5650564306920294	0.2522493519485241
21283	0.21614955665174854	0.5933587503174602	0.1904916930307912
21284	0.21691850398414492	0.586402141813524	0.1966793542023311
21285	0.20559152203670267	0.6184577989210249	0.17595067904227243
21286	0.19516058276169906	0.6266197941605904	0.1782196230777105
21287	0.22240202043193102	0.5684457387382403	0.20915224082982864
21288	0.17452266845167774	0.5614131860402296	0.2640641455080927
21289	0.20341394906900084	0.5409967587920259	0.2555892921389733
21290	0.2508510083072664	0.5821124979972462	0.16703649369548743
21291	0.2591086246845317	0.5707940801861829	0.17009729512928531
21292	0.22759736553515292	0.5313319577318221	0.24107067673302504
21293	0.20063180825005422	0.5584693836611077	0.2408988080888381
21294	0.19417397793324095	0.5100603465918232	0.29576567547493576
21295	0.16943267710528478	0.5691991069784288	0.26136821591628645
21296	0.17091376981606463	0.5573218274503213	0.2717644027336141
21297	0.16553795695287246	0.5462714833559925	0.2881905596911351
21298	0.18432652822045095	0.65257056867165	0.1631029031078991
21299	0.22570622711394342	0.5758247542522078	0.19846901863384875
21300	0.21798561410787998	0.5607913712205556	0.22122301467156444
21301	0.2823973300252907	0.5264778282981087	0.19112484167660054
21302	0.17735146528981421	0.6503460858555766	0.17230244885460916
21303	0.19321086145661104	0.6310404370944498	0.17574870144893914
21304	0.2641597302686672	0.5207905548077592	0.21504971492357366
21305	0.3236990013373274	0.5055259341150333	0.1707750645476393
21306	0.17092430733795463	0.6514342418662995	0.17764145079574598
21307	0.20054068883064408	0.5851291001509785	0.21433021101837738
21308	0.20904013723385642	0.5895221032641431	0.20143775950200044
21309	0.17746975176923777	0.6104900636336194	0.21204018459714286
21310	0.22111814822863163	0.48391962453001486	0.2949622272413535
21311	0.25929620424546185	0.5556866706759821	0.18501712507855606
21312	0.15642005884003407	0.4820769239301288	0.3615030172298372
21313	0.1963541492719038	0.643930844943425	0.15971500578467113
21314	0.2152758142968454	0.5991686887135407	0.185555496989614
21315	0.2667104887727901	0.5520767022368026	0.18121280899040726
21316	0.23602654724492678	0.44177596455933604	0.3221974881957373
21317	0.2932228359370742	0.5026858434136762	0.20409132064924973
21318	0.17208200638710558	0.5750487147048782	0.25286927890801625
21319	0.24450364970581703	0.5293025346555126	0.22619381563867044
21320	0.1803694948548742	0.5210027401032903	0.2986277650418356
21321	0.18759140972696936	0.5010590068135458	0.3113495834594849
21322	0.22078659266093478	0.559518723043571	0.2196946842954942
21323	0.1902983351873603	0.6463452597686904	0.16335640504394933
21324	0.17550026237762298	0.5858638304813973	0.23863590714097963
21325	0.172265014665353	0.6490108390708854	0.17872414626376168
21326	0.1566237931976185	0.7131174305045231	0.1302587762978583
21327	0.22593692217975594	0.5707761258164257	0.20328695200381844
21328	0.21956762960491466	0.5153815489429415	0.26505082145214376
21329	0.17098510333183872	0.5863027087709016	0.24271218789725968
21330	0.18152550922705638	0.5126316534943209	0.3058428372786227
21331	0.15858532965587757	0.491001154219091	0.3504135161250315
21332	0.25396733185060666	0.5033799117932027	0.24265275635619069
21333	0.21409134442437353	0.5823212104925637	0.20358744508306273
21334	0.24110713494513364	0.5597056033183451	0.1991872617365213
21335	0.2054591161857327	0.5965916936370167	0.19794919017725063
21336	0.18957287353726768	0.6252569201041425	0.18517020635858977
21337	0.3354828937566608	0.47631290084787575	0.18820420539546345
21338	0.18200284454482737	0.5657670215548847	0.25223013390028787
21339	0.16535668802256373	0.5509418803342687	0.2837014316431676
21340	0.2053069186369077	0.6277857263504282	0.16690735501266404
21341	0.3520636736386254	0.4444282119506222	0.2035081144107524
21342	0.18825068989075144	0.5522325941131048	0.25951671599614373
21343	0.2784849592363486	0.471404051308221	0.2501109894554304
21344	0.22973098045650184	0.5417624542985243	0.22850656524497376
21345	0.24238320666168653	0.5736727841197142	0.1839440092185993
21346	0.21718486982798382	0.6134738596728772	0.16934127049913905
21347	0.1752666649325405	0.62548055743231	0.19925277763514931
21348	0.23591124281190198	0.5803054638957925	0.18378329329230544
21349	0.21491419888941132	0.5597921821155595	0.22529361899502923
21350	0.2406347742746652	0.5002264259587549	0.25913879976658
21351	0.22733255748788792	0.6196178698653634	0.15304957264674868
21352	0.25336251590198505	0.5884917757847211	0.15814570831329386
21353	0.22590156363172137	0.6067827388023312	0.16731569756594747
21354	0.19947843267903267	0.5787861419725988	0.22173542534836857
21355	0.20709458014668	0.6358290216999599	0.15707639815336005
21356	0.21155040998646304	0.6245081273341132	0.1639414626794238
21357	0.2790697542024417	0.46728238941976197	0.2536478563777964
21358	0.22869733467496645	0.5841215586702212	0.18718110665481244
21359	0.22869733467496645	0.5841215586702212	0.18718110665481244
21360	0.17704934534455352	0.6524531818628893	0.17049747279255714
21361	0.22107169287038214	0.5905376169063019	0.18839069022331595
21362	0.16103982105026834	0.4379698014091788	0.4009903775405529
21363	0.20909802426733978	0.5540990819805988	0.23680289375206148
21364	0.38545884645064815	0.43419999651835034	0.18034115703100154
21365	0.24835927928346874	0.5873650378598693	0.16427568285666186
21366	0.22629073562283436	0.6215460311738327	0.15216323320333294
21367	0.16607017881834166	0.5844970437805606	0.2494327774010977
21368	0.22400982188941765	0.5639997485966406	0.21199042951394176
21369	0.20438355096016675	0.5534129217890283	0.24220352725080485
21370	0.1951194551150026	0.6016436689979342	0.20323687588706318
21371	0.22735185687852472	0.5588480867040222	0.2138000564174531
21372	0.18649985876322822	0.6385549604554437	0.17494518078132815
21373	0.21455423020168002	0.5849100998243317	0.20053566997398825
21374	0.16111547175342514	0.6919894544014425	0.14689507384513228
21375	0.2164956080228093	0.5877471660830719	0.19575722589411887
21376	0.31009302045171544	0.5046281106935927	0.18527886885469178
21377	0.2645397507737247	0.537125990929776	0.19833425829649937
21378	0.18106358426394237	0.6405703364602618	0.17836607927579576
21379	0.20620100826980067	0.5837014376757161	0.21009755405448322
21380	0.3232825399947266	0.47804991091183313	0.19866754909344025
21381	0.3457798936201555	0.45181946554147856	0.20240064083836584
21382	0.19637268243852818	0.6208412237849675	0.18278609377650426
21383	0.23817901798441285	0.56820119045662	0.19361979155896722
21384	0.17565649314179915	0.5691523350791995	0.2551911717790013
21385	0.17367537299607724	0.5254291575515972	0.30089546945232554
21386	0.26364576868322137	0.5024015978901564	0.2339526334266223
21387	0.20330208433218228	0.5835302226024704	0.21316769306534725
21388	0.20695938739159533	0.6195127464309387	0.173527866177466
21389	0.22661277275596725	0.5909470365021186	0.18244019074191412
21390	0.22948158718699313	0.5956966203950896	0.1748217924179173
21391	0.24307470444719487	0.5874674862892314	0.16945780926357373
21392	0.22692221035164856	0.5221987066801052	0.2508790829682463
21393	0.17971819721145219	0.5436007896772292	0.27668101311131854
21394	0.20712761322686465	0.5935891277647591	0.19928325900837612
21395	0.27877306106559824	0.49055127134250115	0.23067566759190059
21396	0.21650859138029035	0.5804785810938946	0.20301282752581495
21397	0.31777560976870056	0.5011214325131998	0.1811029577180995
21398	0.23980572058123553	0.557295747303327	0.20289853211543757
21399	0.20183815727660195	0.5847026685622174	0.21345917416118063
21400	0.18107310052028	0.6367607236050119	0.1821661758747081
21401	0.1454654097340336	0.6454089752517475	0.20912561501421909
21402	0.1802885874364717	0.621539745933978	0.19817166662955035
21403	0.1997326188563604	0.5275849059786267	0.2726824751650128
21404	0.17371328416555687	0.5946024597959613	0.23168425603848194
21405	0.16437201838838578	0.5263205656014923	0.309307416010122
21406	0.1970467417067446	0.5369764669314779	0.2659767913617775
21407	0.1550208010133854	0.5017407057872265	0.343238493199388
21408	0.2067214544919998	0.6313528244632834	0.16192572104471675
21409	0.20949999605830238	0.6130647465444061	0.17743525739729146
21410	0.20949999605830238	0.6130647465444061	0.17743525739729146
21411	0.20313197636172461	0.6224753962557102	0.1743926273825651
21412	0.2092422440179145	0.6129060885291029	0.17785166745298261
21413	0.17988299480562495	0.6456023490721851	0.17451465612219008
21414	0.15227860736498539	0.5612709601486505	0.2864504324863641
21415	0.1787587699298818	0.6149990310653585	0.20624219900475957
21416	0.2635979998737525	0.5353318612693168	0.2010701388569308
21417	0.349517130498877	0.4736224851722839	0.1768603843288392
21418	0.29651301740706315	0.5031486546969166	0.2003383278960202
21419	0.2850872971068279	0.5482635878669742	0.16664911502619786
21420	0.22077138522512407	0.6272114909843336	0.1520171237905424
21421	0.27428625618695845	0.5025476639787408	0.22316607983430067
21422	0.23081303745700332	0.5861666726976866	0.18302028984531013
21423	0.19407203148797822	0.6359145975960119	0.17001337091600993
21424	0.23326755329044174	0.5634969912030481	0.20323545550651015
21425	0.1941391350401707	0.6176555939224947	0.18820527103733467
21426	0.21994547192148303	0.5230643450226716	0.2569901830558453
21427	0.2647406348150299	0.5440294944672379	0.19122987071773215
21428	0.29605651275502415	0.5101805999836316	0.19376288726134416
21429	0.2440100150226115	0.585968996373808	0.17002098860358061
21430	0.21067217288163637	0.48540038428758187	0.3039274428307818
21431	0.17397405651409023	0.45561285310863137	0.3704130903772785
21432	0.27793477154088214	0.5252676737932335	0.19679755466588436
21433	0.19796433050770262	0.5751917395521312	0.22684392994016622
21434	0.1805270741195998	0.5091261797989994	0.3103467460814008
21435	0.23848249957696804	0.5285869921278703	0.23293050829516168
21436	0.1990796041456831	0.5677921110668915	0.2331282847874253
21437	0.2199202560231268	0.6032937966635521	0.1767859473133211
21438	0.2501124448962313	0.5216832368170109	0.22820431828675783
21439	0.17152416091429964	0.5918193425044633	0.23665649658123705
21440	0.21360915606653294	0.5951205822517257	0.19127026168174135
21441	0.25248647690140813	0.5817187593506491	0.16579476374794272
21442	0.26603408982812765	0.5740021635793271	0.15996374659254514
21443	0.20239129859190055	0.5296662768626468	0.2679424245454527
21444	0.33244755427934153	0.4922147992061545	0.175337646514504
21445	0.21729815868341817	0.5898497344258806	0.19285210689070117
21446	0.2340969325559533	0.5387101580931373	0.22719290935090947
21447	0.26744629404465015	0.5028848436654227	0.22966886228992714
21448	0.24729636433502944	0.5352322732616138	0.21747136240335674
21449	0.2173292640575836	0.5934287053552936	0.18924203058712288
21450	0.24138212215324797	0.543210911083584	0.21540696676316803
21451	0.2033524639540843	0.42518336136130447	0.37146417468461124
21452	0.19963892887160073	0.6189872261290867	0.1813738449993126
21453	0.21886695661629355	0.5841307799688826	0.19700226341482385
21454	0.18018297284714763	0.6415713656952676	0.17824566145758475
21455	0.21893207012915736	0.5508988537851602	0.23016907608568238
21456	0.17156537347881837	0.6247093281961416	0.20372529832504013
21457	0.2131086311699642	0.623221383163136	0.16366998566689983
21458	0.15103883688333702	0.4803015722181569	0.3686595908985061
21459	0.2123867814545329	0.611141964389566	0.17647125415590112
21460	0.23560581483520152	0.5645505700544216	0.19984361511037696
21461	0.1736864276024451	0.6044014231782251	0.22191214921932978
21462	0.348435529456007	0.46868570261863535	0.18287876792535765
21463	0.16182773105411616	0.6209749164087232	0.21719735253716063
21464	0.18339910725119882	0.5608999308931792	0.25570096185562197
21465	0.22484307239516718	0.5947671874153555	0.18038974018947737
21466	0.2064469769276896	0.590595459852975	0.20295756321933534
21467	0.14189214049220117	0.5744691055682022	0.2836387539395967
21468	0.16929612124265822	0.6493079630660872	0.18139591569125466
21469	0.18320991260358588	0.6517781560249924	0.16501193137142156
21470	0.18474004373949254	0.6353790545515227	0.17988090170898488
21471	0.29555213695484306	0.5312384714248862	0.17320939162027071
21472	0.19532203129627937	0.6190615086178567	0.1856164600858638
21473	0.18783075707835997	0.53486627563466	0.27730296728697995
21474	0.2378916504764101	0.5731379042647001	0.18897044525888976
21475	0.23834557013252036	0.5310353898217546	0.23061904004572514
21476	0.25950174144913274	0.48499055834993837	0.255507700200929
21477	0.18723149656673138	0.41232895019016874	0.40043955324309993
21478	0.24043179054710903	0.5278957369950423	0.23167247245784864
21479	0.19175617812419968	0.5760004036495695	0.23224341822623076
21480	0.21821636219499513	0.5965156397640394	0.18526799804096541
21481	0.22681671507598175	0.5830344812074774	0.19014880371654092
21482	0.25595564521723363	0.5768274991054466	0.1672168556773197
21483	0.32075223877856923	0.4723174698788903	0.20693029134254043
21484	0.18799840505899715	0.6333644139023606	0.17863718103864215
21485	0.22805550643452246	0.556067697840277	0.2158767957252006
21486	0.13107443432520718	0.41490599942108214	0.4540195662537107
21487	0.1506140907007463	0.45231218566155	0.3970737236377036
21488	0.13776310722089757	0.6629407144557655	0.199296178323337
21489	0.1709493828355097	0.5772173927425327	0.25183322442195766
21490	0.25649242330486344	0.5621094410279416	0.18139813566719498
21491	0.30384895122116207	0.5067562000673071	0.18939484871153073
21492	0.2650651058742562	0.5464052038462074	0.18852969027953642
21493	0.21822088365938305	0.580337721738886	0.201441394601731
21494	0.3064277481957002	0.4874382805819969	0.20613397122230281
21495	0.18545210142814633	0.5651328903002145	0.24941500827163907
21496	0.172042102225223	0.6584781431639704	0.16947975461080675
21497	0.20284856566938153	0.6417832702307927	0.1553681640998257
21498	0.2640214601392666	0.5265152886729839	0.20946325118774953
21499	0.13374402929919638	0.7214239527150849	0.1448320179857186
21500	0.23917991053329368	0.5431136156464194	0.21770647382028693
21501	0.1745551350188451	0.5525364614192717	0.2729084035618833
21502	0.19115737683959388	0.6247405138136802	0.18410210934672586
21503	0.22157629614839638	0.5538391982073245	0.22458450564427906
21504	0.1959590384073304	0.6459619628440646	0.15807899874860507
21505	0.20549644886355667	0.6284852492122616	0.16601830192418163
21506	0.27395233712366834	0.5478820526686102	0.17816561020772145
21507	0.19669220339307358	0.5673155085612482	0.2359922880456782
21508	0.20616539409741508	0.5651913207971843	0.22864328510540058
21509	0.324421421529017	0.4998711760592336	0.17570740241174945
21510	0.1736975793324309	0.5269476767916256	0.29935474387594346
21511	0.1702108293959514	0.6248730792403191	0.20491609136372968
21512	0.18879433622035174	0.5947851811234366	0.2164204826562117
21513	0.19961426603089075	0.4500491889184228	0.35033654505068645
21514	0.23248323026548254	0.504502898903222	0.2630138708312955
21515	0.15558217856062317	0.6209294016100632	0.22348841982931378
21516	0.24790454585228727	0.540939876792839	0.2111555773548737
21517	0.2934014490845681	0.5587821980509216	0.14781635286451036
21518	0.11604232201723194	0.3908414399858909	0.49311623799687715
21519	0.2207286815063466	0.591908350842221	0.18736296765143234
21520	0.2239797778008507	0.5977362002871394	0.1782840219120099
21521	0.2346062352785551	0.44549556336667634	0.3198982013547686
21522	0.2819595882797056	0.49941825684074015	0.21862215487955428
21523	0.37671697828211304	0.4646311143353563	0.15865190738253068
21524	0.16984549283285083	0.6878269564897435	0.14232755067740577
21525	0.22593692217975594	0.5707761258164257	0.20328695200381844
21526	0.2843546323850646	0.5330308305744601	0.1826145370404753
21527	0.2121658839222356	0.6289725971139221	0.1588615189638424
21528	0.1264467698192273	0.4627629336274592	0.41079029655331345
21529	0.2775147281858916	0.543046237989434	0.17943903382467435
21530	0.34305068184897364	0.4688454194969989	0.1881038986540274
21531	0.2059171465454866	0.6368968034723996	0.15718604998211383
21532	0.15089555165401314	0.4269913220799014	0.4221131262660855
21533	0.22593692217975594	0.5707761258164257	0.20328695200381844
21534	0.2017263390192384	0.6021772714960896	0.19609638948467203
21535	0.1627921901619148	0.5361327064751478	0.3010751033629374
21536	0.2168099078504485	0.5891614184909408	0.19402867365861062
21537	0.21729224582881898	0.5604861362812632	0.22222161788991782
21538	0.20073650360630577	0.592687336014752	0.20657616037894225
21539	0.2468604067991832	0.5295273792689982	0.22361221393181865
21540	0.21979813603057066	0.6025827676781339	0.17761909629129544
21541	0.2991687925108878	0.46495733845965953	0.23587386902945265
21542	0.19072575558794308	0.4461698845211174	0.36310435989093953
21543	0.22803756214827642	0.5258678418433006	0.24609459600842293
21544	0.2067884997635327	0.5375826165511409	0.25562888368532644
21545	0.19381931751488765	0.6396799563600286	0.16650072612508374
21546	0.24499214549002413	0.5504650576562448	0.20454279685373108
21547	0.16897921901615384	0.3903564246820382	0.44066435630180795
21548	0.20593065760924056	0.537428177701152	0.2566411646896074
21549	0.4477270629086589	0.40754360993183003	0.14472932715951115
21550	0.18592681707788677	0.6360588563706028	0.17801432655151037
21551	0.23060718762419308	0.5778783622654504	0.19151445011035656
21552	0.22875598248613951	0.5874856577747036	0.18375835973915683
21553	0.25455361186223774	0.5341722937710881	0.21127409436667416
21554	0.18336057710471843	0.5066861940998122	0.3099532287954695
21555	0.1506156698727823	0.40017462638490336	0.4492097037423143
21556	0.18553552227706158	0.49475626278819834	0.3197082149347401
21557	0.18751177043230305	0.4902299989077252	0.3222582306599717
21558	0.2326130880173793	0.5667834119242644	0.20060350005835642
21559	0.16553773233701197	0.4821302652173952	0.3523320024455927
21560	0.22571454157939247	0.6044773828302893	0.16980807559031838
21561	0.24019131508914252	0.5803381263690011	0.17947055854185648
21562	0.19682671868104282	0.630679664605439	0.17249361671351812
21563	0.2981464706887168	0.530295952392404	0.1715575769188792
21564	0.34833877167182964	0.4628667155097378	0.18879451281843262
21565	0.23454837876973866	0.5830747015160012	0.18237691971426012
21566	0.23378591059905499	0.5714264671037461	0.19478762229719898
21567	0.21102256855941415	0.5931549459357917	0.19582248550479414
21568	0.24511198713244	0.5529336802726652	0.20195433259489476
21569	0.21540527594262449	0.5306258843665274	0.2539688396908482
21570	0.2834345920658447	0.5177737238216606	0.19879168411249476
21571	0.1815346781477566	0.6045516865595885	0.21391363529265495
21572	0.2033220810300307	0.6153132763305827	0.18136464263938654
21573	0.2403869263156221	0.557860105162873	0.20175296852150487
21574	0.21160831059219162	0.5481914602154375	0.24020022919237086
21575	0.16279980376528258	0.624147141466117	0.21305305476860056
21576	0.19715580611383268	0.6384875218191972	0.1643566720669701
21577	0.2183948685220304	0.5957339029902058	0.18587122848776383
21578	0.15797689752408206	0.5513964129686132	0.2906266895073047
21579	0.19511788770854518	0.6272046598691633	0.17767745242229166
21580	0.20308669584462913	0.6144634517939738	0.18244985236139716
21581	0.21542387116503955	0.5240743770699109	0.26050175176504947
21582	0.2506761543268566	0.5476557891516681	0.20166805652147535
21583	0.1904691861965305	0.5872302480234805	0.22230056577998908
21584	0.27628685285102494	0.4776145136942877	0.24609863345468733
21585	0.10107996964796336	0.2564003601149864	0.6425196702370504
21586	0.1702296244378814	0.5090856350800296	0.32068474048208895
21587	0.1685045574198266	0.5235864980043232	0.30790894457585016
21588	0.19764719190627283	0.6165769919205942	0.18577581617313302
21589	0.23312351321431002	0.5683147814894882	0.1985617052962018
21590	0.27205100974836827	0.5285167663691914	0.1994322238824403
21591	0.16851198116656774	0.5246629813741366	0.30682503745929574
21592	0.3301271625474131	0.4973194314728869	0.17255340597970006
21593	0.20838788471340602	0.5755250512615645	0.2160870640250295
21594	0.22688553107216472	0.604885975909558	0.16822849301827736
21595	0.2044219830264549	0.5464243158664969	0.24915370110704826
21596	0.2281062304883584	0.5349768132998161	0.23691695621182557
21597	0.20812685114997617	0.5924977832104377	0.19937536563958613
21598	0.2500116085308188	0.5699222239061583	0.18006616756302285
21599	0.1566237931976185	0.7131174305045231	0.1302587762978583
21600	0.20072847148345926	0.6066788192743835	0.19259270924215713
21601	0.21944163629364172	0.3458898128840232	0.434668550822335
21602	0.29950151308128264	0.41653663545621633	0.2839618514625009
21603	0.2187659478263139	0.5494081011479554	0.23182595102573073
21604	0.2009570508708653	0.5865992240630928	0.21244372506604178
21605	0.24513012758425173	0.5738657329569131	0.1810041394588351
21606	0.1864317369543777	0.5637423601958722	0.24982590284975015
21607	0.2023312277298062	0.5637607602615342	0.2339080120086596
21608	0.2177402900154889	0.5665673476592961	0.21569236232521508
21609	0.37891796436319347	0.44656284690654696	0.17451918873025965
21610	0.26519375898177805	0.5692182464891599	0.16558799452906214
21611	0.26308276739385567	0.5497414177739958	0.18717581483214857
21612	0.1518776859782622	0.39028311210749944	0.45783920191423844
21613	0.21279357297639637	0.5978040186601652	0.18940240836343844
21614	0.22271435215275448	0.5494292858405305	0.22785636200671494
21615	0.2521599525664957	0.5548275271823836	0.19301252025112076
21616	0.24916441552751695	0.5653125642827801	0.18552302018970296
21617	0.20637759335727107	0.6073656905765421	0.18625671606618674
21618	0.1888496117931545	0.5916914591930522	0.21945892901379332
21619	0.21388269687421277	0.5330771123032997	0.25304019082248763
21620	0.18941228147765843	0.5713060317952325	0.23928168672710895
21621	0.19879852599197959	0.5518620539119079	0.2493394200961125
21622	0.23763408705138345	0.5902753239631346	0.17209058898548193
21623	0.21922790749496787	0.5771251829741095	0.20364690953092254
21624	0.20348031398681074	0.6242735139810905	0.17224617203209874
21625	0.23069841942153943	0.5978549011549272	0.17144667942353337
21626	0.37317326555113717	0.44778575038206436	0.17904098406679844
21627	0.2669974992876982	0.48128230027320323	0.25172020043909854
21628	0.21017228327907728	0.6120263098165375	0.17780140690438528
21629	0.16783775860250014	0.5880069438147556	0.24415529758274426
21630	0.16832634908126082	0.5799841335751539	0.25168951734358525
21631	0.1979110600778212	0.571717755230382	0.23037118469179674
21632	0.10784714852625082	0.48810861262995875	0.40404423884379054
21633	0.23971190591271918	0.37284236416723515	0.3874457299200456
21634	0.33205988079465404	0.46470932764335776	0.20323079156198823
21635	0.216089979670864	0.6095316948082429	0.17437832552089308
21636	0.24653486705929717	0.5162810435839452	0.23718408935675764
21637	0.2325081701926685	0.5436266221169691	0.2238652076903623
21638	0.22476120337301692	0.5547042058572053	0.2205345907697778
21639	0.1625250127739246	0.6801670170302081	0.1573079701958675
21640	0.19128115669163454	0.6242715486802417	0.18444729462812381
21641	0.1940714498195324	0.6287826246356846	0.17714592554478312
21642	0.17550026237762298	0.5858638304813973	0.23863590714097963
21643	0.238623263182023	0.585870648681804	0.17550608813617305
21644	0.21527120797256316	0.6102036066796936	0.17452518534774314
21645	0.20924666503508146	0.554974640826781	0.23577869413813746
21646	0.26648122375026817	0.44322522828588623	0.2902935479638457
21647	0.19146334265506987	0.6317380664194746	0.1767985909254554
21648	0.22810783882992064	0.5149517413388575	0.2569404198312219
21649	0.297505296108384	0.513151639753678	0.18934306413793814
21650	0.20964172702933032	0.4759273055132395	0.3144309674574302
21651	0.24473372924561507	0.5311078425486997	0.2241584282056852
21652	0.25796492242573377	0.5606901200689735	0.18134495750529275
21653	0.21141245350461632	0.5523157429169183	0.2362718035784654
21654	0.22416601362913302	0.5612899906623652	0.21454399570850177
21655	0.18554881089781913	0.641582251305133	0.17286893779704773
21656	0.19940629469347476	0.6195779444791771	0.18101576082734808
21657	0.12480013380950195	0.384548441528189	0.49065142466230904
21658	0.1476422135289006	0.4499879885209077	0.4023697979501918
21659	0.20063575986084012	0.5955299353389643	0.20383430480019568
21660	0.20865871872965247	0.5728481418692473	0.2184931394011003
21661	0.11217285024084984	0.33235745701866726	0.555469692740483
21662	0.22593692217975594	0.5707761258164257	0.20328695200381844
21663	0.24568571427573788	0.5533215075304505	0.20099277819381162
21664	0.1810110794958186	0.5488678183932766	0.2701211021109048
21665	0.19581414205079156	0.6095862474928084	0.1945996104564
21666	0.16528250610956316	0.6738664102389538	0.16085108365148298
21667	0.19590758373736855	0.5489045271790791	0.2551878890835524
21668	0.2858985620977259	0.5294649945714436	0.18463644333083057
21669	0.22322506878328485	0.5847109191685957	0.19206401204811938
21670	0.2193875622748932	0.5828309811332364	0.1977814565918704
21671	0.17771462845484312	0.6386444197354174	0.18364095180973952
21672	0.21766742240321435	0.5576951212483715	0.2246374563484141
21673	0.23097891310771163	0.5400221688352435	0.22899891805704486
21674	0.34323838747206487	0.45283052598952633	0.20393108653840886
21675	0.18098757083174336	0.6487531062472078	0.1702593229210489
21676	0.17372548204821156	0.6242036270179527	0.2020708909338357
21677	0.21219584753234866	0.5994620154540665	0.18834213701358488
21678	0.19283420078857272	0.30084032044160186	0.5063254787698255
21679	0.1580594065745499	0.5773729945944323	0.2645675988310178
21680	0.25098508406088504	0.5618584390192571	0.18715647691985776
21681	0.2679263105037167	0.5498507693290486	0.1822229201672348
21682	0.1264467698192273	0.4627629336274592	0.41079029655331345
21683	0.21185218470490744	0.5862848112412317	0.20186300405386087
21684	0.3675247146488878	0.4818575446996052	0.15061774065150707
21685	0.24927844383465278	0.5891069082356425	0.1616146479297046
21686	0.24768827988703834	0.5267760913465772	0.22553562876638447
21687	0.2439341945700302	0.4927865143818969	0.26327929104807296
21688	0.20952228047771942	0.4765311894891097	0.31394653003317086
21689	0.25294628100314365	0.534528653462054	0.2125250655348023
21690	0.21659009310865404	0.5660215744265444	0.21738833246480152
21691	0.2735280222696238	0.5394253518120103	0.18704662591836585
21692	0.21938509991507105	0.5472586850883684	0.2333562149965605
21693	0.16572607008478757	0.4429652627028103	0.39130866721240215
21694	0.20696056759591316	0.5417422258412294	0.25129720656285737
21695	0.2870556873760051	0.560854992853541	0.15208931977045373
21696	0.12934363042759522	0.7521865058303999	0.11846986374200476
21697	0.22593692217975594	0.5707761258164257	0.20328695200381844
21698	0.21933896371383316	0.6101893698794328	0.17047166640673386
21699	0.2146155527811381	0.591979426992952	0.19340502022590988
21700	0.2324214996670186	0.48773876639155245	0.2798397339414289
21701	0.23541100358030673	0.6047454790818636	0.15984351733782975
21702	0.20375554694259868	0.5374479122677073	0.25879654078969405
21703	0.18612955406690332	0.6010897788865281	0.21278066704656853
21704	0.2526418669405941	0.5176981071935483	0.22966002586585768
21705	0.21275387768452214	0.5504529509198697	0.23679317139560824
21706	0.24446010147958813	0.571180668874851	0.1843592296455609
21707	0.2587615092246208	0.587392830548052	0.1538456602273271
21708	0.1583980369526103	0.5543410536276436	0.287260909419746
21709	0.15492072431128376	0.5549764638331449	0.29010281185557135
21710	0.1894407715976581	0.46805345677389165	0.34250577162845025
21711	0.2840783867954792	0.5346743546018532	0.18124725860266752
21712	0.25313528876008407	0.5434711225505623	0.2033935886893536
21713	0.34025925456704426	0.49587583299413557	0.16386491243882018
21714	0.20053028764343866	0.5820479158137211	0.2174217965428403
21715	0.22570677735690994	0.5899119674493288	0.18438125519376125
21716	0.24011664548587625	0.5764010384956658	0.18348231601845796
21717	0.21445207029739452	0.5628305552010678	0.2227173745015377
21718	0.18585923610571006	0.5602210248776185	0.2539197390166714
21719	0.1569689158321116	0.3885386187591439	0.45449246540874444
21720	0.1914333562167194	0.5873176839607607	0.22124895982252
21721	0.19839521981492095	0.5965140279435825	0.20509075224149642
21722	0.19337567165696554	0.603954492674451	0.20266983566858354
21723	0.20311398610529707	0.5866563111724276	0.2102297027222754
21724	0.3227434162644	0.49743764278982167	0.17981894094577838
21725	0.2020469052871894	0.37920619319226173	0.41874690152054883
21726	0.27611552631319886	0.476854344398421	0.24703012928838017
21727	0.2991549332805732	0.4519753903939513	0.24886967632547566
21728	0.24584312504941536	0.5613560082950387	0.19280086665554594
21729	0.16288294759480337	0.6038559261960174	0.23326112620917927
21730	0.2081274566013839	0.56737561436866	0.22449692902995608
21731	0.23379686306374178	0.5847111731474673	0.18149196378879084
21732	0.18916679205013162	0.6334003908250304	0.17743281712483805
21733	0.21446408984348242	0.578349603830854	0.2071863063256635
21734	0.21212130066164214	0.5656556391448876	0.22222306019347032
21735	0.42226559500796906	0.44106778124005036	0.1366666237519807
21736	0.22957591355496415	0.40410102713491286	0.366323059310123
21737	0.18989092252242817	0.46258634276126637	0.3475227347163055
21738	0.1566237931976185	0.7131174305045231	0.1302587762978583
21739	0.2547632476902529	0.5578758582423834	0.18736089406736367
21740	0.22497037467061518	0.5384209019373516	0.23660872339203326
21741	0.1978617320835225	0.605286606229006	0.1968516616874715
21742	0.24944739859996906	0.4922927535035518	0.25825984789647916
21743	0.1930952472596978	0.628816202538549	0.17808855020175307
21744	0.31492303483844936	0.4833725625586272	0.20170440260292338
21745	0.20699428979231718	0.5930662398704337	0.19993947033724915
21746	0.2102374077744668	0.5997158278290052	0.19004676439652793
21747	0.1757113750071927	0.4875563860351124	0.33673223895769494
21748	0.23294999794042878	0.46813018956256247	0.2989198124970087
21749	0.27720727786721294	0.4927659283213968	0.23002679381139035
21750	0.2098478588179893	0.548668684164228	0.24148345701778268
21751	0.22267488164234037	0.5707903456123737	0.20653477274528595
21752	0.168810502826446	0.66720996512901	0.16397953204454405
21753	0.22469122330507213	0.5838088308527394	0.19149994584218843
21754	0.32346006041100495	0.45732294021285563	0.21921699937613945
21755	0.18658679302913622	0.5913546057375613	0.2220586012333026
21756	0.17875275253378153	0.6168119275673383	0.20443531989888009
21757	0.19827269809718687	0.5685399370054288	0.23318736489738434
21758	0.29119800740362545	0.5167901269341256	0.19201186566224895
21759	0.16163801263823244	0.554490019126002	0.28387196823576555
21760	0.16962351349529514	0.6900525060322367	0.14032398047246827
21761	0.188788901224671	0.6564109212095395	0.15480017756578937
21762	0.2370532795881447	0.5092564508862101	0.25369026952564516
21763	0.22143339347751684	0.4622444213678572	0.3163221851546259
21764	0.26785935623479123	0.5473388508384049	0.1848017929268038
21765	0.1975963967899593	0.6062281813813121	0.1961754218287285
21766	0.2591752025901528	0.5526445613189166	0.18818023609093065
21767	0.2079115940683274	0.6069883909816979	0.1851000149499748
21768	0.21767612966734878	0.5773586187502308	0.20496525158242052
21769	0.2467759796636815	0.55933850509155	0.19388551524476855
21770	0.28724524934836626	0.4986157782482384	0.21413897240339538
21771	0.21913882967757334	0.5886146948321095	0.19224647549031712
21772	0.15917521808758503	0.49722803201986404	0.34359674989255096
21773	0.20473262224474434	0.5419392650762693	0.25332811267898625
21774	0.2578059290710657	0.5909965897898874	0.1511974811390469
21775	0.3031421107331527	0.5172582099091113	0.179599679357736
21776	0.23675574191704138	0.5035380159017602	0.2597062421811984
21777	0.216857453203164	0.6279633251907334	0.15517922160610265
21778	0.20785765647217286	0.6295921924890835	0.16255015103874365
21779	0.26244086621746754	0.5347777706604749	0.20278136312205758
21780	0.21604977088835528	0.5991605230287078	0.1847897060829369
21781	0.17249039004648042	0.6041004155130274	0.2234091944404922
21782	0.25106735402341324	0.5762110423187677	0.17272160365781897
21783	0.2189546306210535	0.6064357012712897	0.1746096681076568
21784	0.1949301401773469	0.6106853129067746	0.1943845469158785
21785	0.21672174140515718	0.5946362889720684	0.18864196962277438
21786	0.2066635474827273	0.5901627293634519	0.2031737231538208
21787	0.24542399723933708	0.540955924157476	0.21362007860318696
21788	0.16169771859850784	0.6288747464963037	0.20942753490518837
21789	0.22889879321626874	0.5881749431045739	0.1829262636791574
21790	0.1855769308169971	0.5050111283874883	0.30941194079551465
21791	0.2185765109432801	0.5807916707393888	0.20063181831733112
21792	0.2285722948010782	0.5644997751106571	0.2069279300882647
21793	0.1773088457710111	0.6694449044697054	0.15324624975928364
21794	0.20429624883958378	0.623777067062276	0.17192668409814038
21795	0.30720394159190795	0.4740520753207741	0.21874398308731793
21796	0.30703912440206027	0.4935794926165052	0.19938138298143457
21797	0.3816603010575191	0.4402326185181282	0.17810708042435275
21798	0.487018523441952	0.37900719782684034	0.1339742787312077
21799	0.12542917011182725	0.626268047376779	0.2483027825113938
21800	0.14882599717625866	0.6116191313921159	0.23955487143162543
21801	0.3664169618676179	0.4478041931749373	0.18577884495744473
21802	0.19750889672097227	0.5934528852731233	0.20903821800590444
21803	0.22206076251184925	0.5754573588205455	0.2024818786676053
21804	0.2526298114375717	0.5352284772384884	0.21214171132393983
21805	0.18759006451846927	0.6085017569097003	0.20390817857183033
21806	0.19652274382721424	0.6235169242798808	0.1799603318929049
21807	0.29131369043764277	0.508526848832753	0.20015946072960414
21808	0.25390360708138315	0.5464212019305891	0.1996751909880278
21809	0.25892243582054536	0.5159462323425227	0.22513133183693193
21810	0.1828432970166097	0.5895207861782463	0.22763591680514403
21811	0.23176266980489216	0.5628814941812061	0.2053558360139017
21812	0.2761497791105939	0.5392279256733848	0.18462229521602136
21813	0.2212756626990473	0.5541918201911962	0.22453251710975658
21814	0.20619531851178388	0.6259213404406757	0.1678833410475405
21815	0.1643802311846347	0.5308550236008835	0.3047647452144817
21816	0.19463845921541897	0.5647031062516289	0.24065843453295221
21817	0.21408320868743985	0.5835880401622728	0.2023287511502873
21818	0.2559559317414024	0.5486061030417828	0.19543796521681484
21819	0.25754337189916404	0.563297467343103	0.17915916075773292
21820	0.216880202877568	0.6195713797990983	0.16354841732333358
21821	0.24638311699421367	0.563846255947528	0.18977062705825834
21822	0.2613110322990569	0.5555534159354187	0.18313555176552443
21823	0.1622004871216609	0.6256969488741398	0.21210256400419908
21824	0.27036649977811367	0.509664282775687	0.21996921744619924
21825	0.2768612367962941	0.5256511849805845	0.19748757822312132
21826	0.22161547185528066	0.6126539835511405	0.16573054459357878
21827	0.25980614799612045	0.5469732546608542	0.1932205973430254
21828	0.17714007609692675	0.696372107201807	0.12648781670126616
21829	0.19820704788103138	0.6012743768018087	0.2005185753171599
21830	0.1924780470820974	0.6299993805613197	0.17752257235658292
21831	0.2631367574863308	0.508811980710394	0.2280512618032752
21832	0.2601256625348018	0.5943857410190875	0.14548859644611076
21833	0.3853141127472907	0.4633161413855129	0.15136974586719643
21834	0.20229988320759737	0.5449610539765829	0.25273906281581976
21835	0.25896208277093136	0.502749115145857	0.23828880208321165
21836	0.2295177703768919	0.5768199917215605	0.1936622379015476
21837	0.1886720990669064	0.507273450219112	0.3040544507139816
21838	0.22319155301995255	0.5613938529449155	0.21541459403513194
21839	0.1888255516002849	0.3693144050387849	0.4418600433609301
21840	0.20706544454441037	0.6350182646516167	0.157916290803973
21841	0.16177173952266535	0.6505320847509065	0.18769617572642805
21842	0.20843687534755376	0.5568103225913112	0.234752802061135
21843	0.21829529291764255	0.5647828400462808	0.2169218670360767
21844	0.1566237931976185	0.7131174305045231	0.1302587762978583
21845	0.219612575175103	0.6017375286001319	0.17864989622476513
21846	0.24435700365748755	0.5321684021860059	0.2234745941565065
21847	0.2829014617090635	0.4974622631880143	0.21963627510292222
21848	0.21324178538497382	0.63207902565878	0.154679188956246
21849	0.1655847451164862	0.49927306835770935	0.33514218652580446
21850	0.2325272991323727	0.6089597854119841	0.15851291545564303
21851	0.1953597254429989	0.6490573947722199	0.15558287978478114
21852	0.1775866824253159	0.6037663673911445	0.21864695018353972
21853	0.21703653777190093	0.5855325037632273	0.19743095846487174
21854	0.2735413627950569	0.5032619297458174	0.22319670745912568
21855	0.26117012346702057	0.5605319105438209	0.17829796598915862
21856	0.27248937685755803	0.52689015962287	0.20062046351957208
21857	0.19918643196359123	0.4900747468118057	0.310738821224603
21858	0.18502329648941457	0.6139637473498732	0.20101295616071224
21859	0.19871142679152903	0.6195324491464456	0.18175612406202535
21860	0.19709212963682593	0.5046693395434522	0.298238530819722
21861	0.23735555844544837	0.5349707278479794	0.2276737137065722
21862	0.21981210378441754	0.44641421699818484	0.3337736792173976
21863	0.27329860269126494	0.5097786733945918	0.21692272391414316
21864	0.2154209364400463	0.4908391423706449	0.29373992118930875
21865	0.18597656407670698	0.4983303033349387	0.3156931325883543
21866	0.3201827874381299	0.5097025994763098	0.1701146130855603
21867	0.20769108954219348	0.5342646036342854	0.2580443068235212
21868	0.20241542973285123	0.5956649632323672	0.20191960703478154
21869	0.18783671314946324	0.5992900487022351	0.21287323814830167
21870	0.18127860555419306	0.648317682904539	0.17040371154126796
21871	0.2612121591995004	0.491628685637849	0.2471591551626506
21872	0.22567577583389684	0.6280078291912723	0.14631639497483082
21873	0.26912371538819263	0.5542948481713922	0.17658143644041516
21874	0.23234899837150494	0.5494195705853003	0.21823143104319465
21875	0.27904824684174084	0.45969174382091504	0.2612600093373441
21876	0.23110968134849463	0.5590365383794015	0.2098537802721039
21877	0.21079165569498978	0.5003047146179661	0.2889036296870441
21878	0.23952346480890227	0.5580531272400434	0.2024234079510543
21879	0.1778411972382736	0.4549833617495619	0.3671754410121645
