30902	0.18285123979704734	0.4915212751153474	0.32562748508760536
30903	0.18847078092189068	0.5008920768487694	0.3106371422293399
30904	0.23653384454456539	0.4855289097310402	0.2779372457243945
30905	0.40221363739214194	0.4222877155335497	0.1754986470743083
30906	0.23533123009690102	0.5540457600726113	0.21062300983048768
30907	0.3001511677653398	0.4948271077283824	0.2050217245062778
30908	0.25290992138408125	0.5388179823786701	0.20827209623724866
30909	0.19627276353695033	0.4050129156179396	0.39871432084510994
30910	0.1781508934757879	0.38373628825624523	0.43811281826796683
30911	0.24812586704431544	0.5604062989360478	0.19146783401963685
30912	0.25290365318987157	0.5336090630459175	0.21348728376421092
30913	0.18130271521220062	0.5244490278038746	0.2942482569839248
30914	0.19352907312418619	0.4886209107704264	0.31785001610538743
30915	0.24007583270232946	0.5388007804395459	0.22112338685812466
30916	0.26726141695326266	0.47653860925715436	0.256199973789583
30917	0.20539843314857742	0.6042067273660848	0.19039483948533767
30918	0.267558256512388	0.5118950508335267	0.22054669265408533
30919	0.18334230406520466	0.543134144273799	0.2735235516609963
30920	0.051377910082488945	0.8853420731911926	0.06328001672631849
30921	0.2610370127298278	0.5084587440213653	0.23050424324880703
30922	0.27794476184127215	0.49629140450834236	0.2257638336503854
30923	0.1627798182105281	0.5258094353593533	0.3114107464301185
30924	0.1416541156966455	0.726718295357685	0.1316275889456696
30925	0.18281109222183362	0.48416101509927817	0.33302789267888827
30926	0.18329322771088605	0.5040377810132944	0.3126689912758195
30927	0.21048224478769587	0.5268072327390546	0.26271052247324955
30928	0.2875257408906936	0.5245675619686728	0.18790669714063363
30929	0.25004554523378586	0.4438582220080757	0.3060962327581386
30930	0.24285538020403577	0.5187755700210833	0.23836904977488088
30931	0.39241014307108213	0.4375573861164416	0.17003247081247622
30932	0.23491993447928972	0.5559102100903814	0.2091698554303288
30933	0.2357656163945464	0.5296431666084548	0.2345912169969988
30934	0.1542204670164401	0.48860009869013415	0.3571794342934257
30935	0.2595739329626096	0.5307974081747735	0.20962865886261686
30936	0.2653903461195671	0.5245067668436212	0.21010288703681165
30937	0.2491021770747756	0.5692779880298366	0.18161983489538777
30938	0.2286006088389465	0.5478975317423357	0.22350185941871778
30939	0.27030498003553294	0.521818609316823	0.2078764106476441
30940	0.23176478271711573	0.47919885977275	0.2890363575101343
30941	0.2984643681702819	0.48839710190249286	0.2131385299272253
30942	0.20082022750487794	0.529102514678746	0.27007725781637604
30943	0.23179111149569417	0.5222314815269004	0.24597740697740547
30944	0.215574336404969	0.6436704523864482	0.14075521120858267
30945	0.24341521011438555	0.4753244256123618	0.2812603642732527
30946	0.2646932503257376	0.49400191886428213	0.24130483080998033
30947	0.17474176307490652	0.4591526497102825	0.36610558721481096
30948	0.19303985280970876	0.45059876504638063	0.3563613821439106
30949	0.2946667133359311	0.49762921430482193	0.20770407235924704
30950	0.3230822259442999	0.5171058042865158	0.1598119697691843
30951	0.2472097392433235	0.5020375313434284	0.25075272941324794
30952	0.23235342867743125	0.5806658918919326	0.18698067943063626
30953	0.24319896607893599	0.4272384406226848	0.3295625932983792
30954	0.2858409711629923	0.453674880129712	0.2604841487072957
30955	0.24591754830088217	0.46595834355704246	0.2881241081420755
30956	0.2859042403225562	0.472294503947695	0.24180125572974875
30957	0.208101753034015	0.5464200838476533	0.24547816311833173
30958	0.23685732862136086	0.5139910188166106	0.2491516525620285
30959	0.23649350590847767	0.5779299040791976	0.1855765900123245
30960	0.2074889762688037	0.5900160851158482	0.20249493861534804
30961	0.23710438370603387	0.5182939101555938	0.24460170613837232
30962	0.2626193711712208	0.5236106532727022	0.21376997555607694
30963	0.2111857390527547	0.417154668522369	0.37165959242487623
30964	0.18474345543373355	0.5730833882585282	0.24217315630773825
30965	0.20150462257454432	0.5578541469678635	0.24064123045759217
30966	0.28642521680802446	0.5219628734137953	0.19161190977818018
30967	0.15856291452415303	0.46974583606061104	0.3716912494152359
30968	0.22826677871979348	0.5195283551520397	0.25220486612816695
30969	0.14928429688812547	0.4736462738734344	0.37706942923844017
30970	0.24577561336171466	0.5331263908667243	0.22109799577156103
30971	0.2673681174853013	0.5147627825527941	0.21786909996190462
30972	0.269490132687146	0.503438714210265	0.227071153102589
30973	0.2747331188077418	0.527283858772576	0.1979830224196822
30974	0.2601003230186109	0.4806582759717639	0.2592414010096252
30975	0.13450498266185137	0.49283250594059924	0.37266251139754936
30976	0.30770246977080096	0.5035105527246041	0.1887869775045949
30977	0.2644767020269763	0.5785747554317879	0.15694854254123572
30978	0.2595739329626096	0.5307974081747735	0.20962865886261686
30979	0.2471525426925244	0.5692675939542768	0.18357986335319879
30980	0.2912956038750715	0.5132937122378455	0.19541068388708313
30981	0.3292819518703981	0.48425130061884575	0.18646674751075612
30982	0.20600810167092565	0.5008610334643634	0.29313086486471107
30983	0.1943290918565217	0.5335161873577836	0.2721547207856947
30984	0.38012852703016864	0.47350389287023975	0.14636758009959175
30985	0.2612104968006987	0.4842149903993539	0.25457451279994747
30986	0.1759306244164459	0.4687069890913327	0.35536238649222146
30987	0.23341284205070792	0.5327304796681402	0.23385667828115184
30988	0.25797057345467533	0.5564457830128227	0.185583643532502
30989	0.2821319517432389	0.5112368575477247	0.20663119070903627
30990	0.28841136061088823	0.47993536414338067	0.23165327524573104
30991	0.24512617045999835	0.549819457336521	0.20505437220348058
30992	0.1978531439589615	0.5293627594819391	0.27278409655909935
30993	0.21932675373016897	0.5055860732227511	0.2750871730470799
30994	0.2620774246705464	0.5906096000732326	0.14731297525622103
30995	0.24216242353654396	0.5519091748670275	0.20592840159642858
30996	0.26002914595604937	0.48354058401061506	0.25643027003333557
30997	0.23883850999362605	0.48656035113056906	0.27460113887580484
30998	0.18741945324242634	0.5478328622425609	0.26474768451501274
30999	0.2813892483534323	0.5424249100429238	0.17618584160364392
31000	0.32975000252543585	0.4848676980440598	0.18538229943050433
31001	0.12771084876885996	0.6111009603364914	0.2611881908946487
31002	0.2938998442689088	0.49779555886470506	0.2083045968663861
31003	0.32155415558685896	0.518812446040807	0.1596333983723341
31004	0.26776791083058116	0.5337723821086815	0.1984597070607374
31005	0.27368749774746565	0.5033119421195615	0.2230005601329728
31006	0.22560108488016026	0.49098000349584475	0.2834189116239951
31007	0.21801266230623756	0.6010963370916063	0.1808910006021562
31008	0.21483059492385362	0.5385469741479567	0.24662243092818967
31009	0.20574490104578477	0.5070597857382496	0.2871953132159655
31010	0.26976549849747733	0.5567821230513583	0.17345237845116437
31011	0.1846481770548577	0.4814604833672012	0.33389133957794104
31012	0.3805419951403673	0.4398372399725118	0.17962076488712087
31013	0.24514032169179228	0.5664623237639697	0.188397354544238
31014	0.20829331043347077	0.5557298482083796	0.2359768413581497
31015	0.27888985367726493	0.5364206499028166	0.18468949641991853
31016	0.2547085259171282	0.5526519679005524	0.19263950618231948
31017	0.292789768575484	0.4990385347105416	0.20817169671397434
31018	0.22324796495912583	0.5332297761081803	0.2435222589326939
31019	0.19947508893081844	0.49742838852365495	0.30309652254552666
31020	0.1922436703819841	0.5551317688824746	0.25262456073554135
31021	0.29064089628309053	0.5192057096901443	0.19015339402676512
31022	0.27888985367726493	0.5364206499028166	0.18468949641991853
31023	0.3159595653449531	0.46276834406705386	0.22127209058799302
31024	0.24854446195858335	0.5078185326223219	0.2436370054190948
31025	0.2536726312999798	0.5398311678103113	0.2064962008897089
31026	0.30308475377701755	0.5125359357872751	0.18437931043570743
31027	0.2911597231858419	0.5248028528624595	0.18403742395169861
31028	0.2669589216580931	0.5291449344305234	0.2038961439113836
31029	0.1445579948986941	0.6348661869448294	0.2205758181564766
31030	0.22963108582491404	0.5235076651809627	0.24686124899412323
31031	0.21610004885406503	0.5596730216431224	0.2242269295028126
31032	0.2734847426891217	0.5260269136030084	0.20048834370786991
31033	0.2095934518452315	0.5096598742744695	0.28074667388029906
31034	0.25254553923236933	0.5509684786328571	0.19648598213477347
31035	0.2928920274402687	0.510106314635147	0.1970016579245843
31036	0.19059607799567274	0.44702479116720567	0.3623791308371217
31037	0.25326568867337185	0.5112551261676532	0.2354791851589749
31038	0.2086495811305674	0.4647137998099354	0.32663661905949715
31039	0.23610419386102122	0.4805562035303994	0.28333960260857943
31040	0.22240684260720775	0.534879370142632	0.24271378725016024
31041	0.26164099313611566	0.562604959164573	0.17575404769931136
31042	0.20789849887590386	0.5363773496478103	0.25572415147628597
31043	0.19467434349019144	0.5272796630883678	0.2780459934214407
31044	0.2503402865052006	0.546224048573792	0.20343566492100734
31045	0.24379564793553876	0.5275952908229773	0.22860906124148397
31046	0.2917859089542451	0.4502046626915961	0.25800942835415885
31047	0.14402612007628698	0.5967817243219478	0.2591921556017653
31048	0.27614909537271964	0.5201112011482376	0.2037397034790428
31049	0.20640668954138883	0.5139365362664712	0.27965677419214
31050	0.24227747648603215	0.5203364368830444	0.2373860866309234
31051	0.27537758549808766	0.5561038762231528	0.1685185382787595
31052	0.22967101971720572	0.5078864769384688	0.2624425033443255
31053	0.2768702795363605	0.5403240246933665	0.182805695770273
31054	0.1638608847298518	0.37643782491630784	0.4597012903538404
31055	0.13430116214850316	0.3799899759390726	0.4857088619124242
31056	0.13430116214850316	0.3799899759390726	0.4857088619124242
31057	0.2882016561694735	0.5018072674867803	0.20999107634374625
31058	0.27302374601368196	0.5417710394195259	0.18520521456679212
31059	0.36601948068511614	0.4707946269140661	0.16318589240081777
31060	0.30180273711482514	0.47809445826969327	0.22010280461548154
31061	0.3224624685762632	0.47598058550143174	0.20155694592230494
31062	0.1961438052173043	0.5565418397549007	0.24731435502779503
31063	0.23134772902475412	0.5692563510889107	0.1993959198863352
31064	0.19557036793462965	0.4852312264585035	0.3191984056068669
31065	0.2658597784470621	0.5185449424869476	0.21559527906599024
31066	0.3385485233105134	0.47508365933115393	0.18636781735833274
31067	0.22167963995604306	0.5279658962912004	0.25035446375275655
31068	0.293075844727499	0.5351641916346341	0.17175996363786686
31069	0.1869526604521	0.41221036235248226	0.4008369771954177
31070	0.24911008117879113	0.5583275642705819	0.1925623545506269
31071	0.16403229421811233	0.6878166055919871	0.14815110018990066
31072	0.25548765195136663	0.5434147152570955	0.20109763279153783
31073	0.1954937154907639	0.5258825707211253	0.2786237137881108
31074	0.21916630528226916	0.5724216028303253	0.20841209188740548
31075	0.2739517162117743	0.5162705199240357	0.20977776386418998
31076	0.25436219530369736	0.5154923436432546	0.2301454610530481
31077	0.17982497700016128	0.4523017036185397	0.367873319381299
31078	0.1634578898326519	0.45415599113101746	0.3823861190363306
31079	0.273087388158419	0.5439534265025185	0.18295918533906244
31080	0.17762609647455707	0.5954928996695157	0.22688100385592724
31081	0.2181730490674424	0.5943370293366742	0.18748992159588337
31082	0.20169720951216671	0.6307828477068823	0.16751994278095095
31083	0.1945352119742501	0.4851505559770047	0.3203142320487453
31084	0.2763885777330709	0.50592370500872	0.21768771725820896
31085	0.2406906613970992	0.6009498988100536	0.15835943979284714
31086	0.25906872663191066	0.5762524295586935	0.1646788438093958
31087	0.2171154377659503	0.5623135374083402	0.22057102482570942
31088	0.2247771022984623	0.5488201699145306	0.22640272778700712
31089	0.21809193919854197	0.5876788899462572	0.19422917085520086
31090	0.1504203627714141	0.44587915907066483	0.4037004781579211
31091	0.2301829375013634	0.4247415100742943	0.34507555242434235
31092	0.2227366035769036	0.5193674370535575	0.2578959593695389
31093	0.1738026545449079	0.502753598631456	0.3234437468236361
31094	0.2792201363797755	0.5320175482855687	0.1887623153346558
31095	0.2050538565119697	0.39690874526863174	0.3980373982193985
31096	0.2658434587185255	0.5084337841230758	0.2257227571583986
31097	0.1416541156966455	0.726718295357685	0.1316275889456696
31098	0.3085015789781989	0.5275954128827485	0.1639030081390526
31099	0.20097424803375227	0.4383970374015635	0.3606287145646842
31100	0.21212966169604844	0.47352314595883566	0.3143471923451159
31101	0.16449795334772377	0.5355938181694333	0.29990822848284293
31102	0.24234425415491032	0.5888290063632937	0.16882673948179608
31103	0.21152093831063995	0.6008102546428733	0.18766880704648675
31104	0.1542204670164401	0.48860009869013415	0.3571794342934257
31105	0.26055221387720723	0.5301759543872564	0.20927183173553637
31106	0.2551859173859014	0.513660540089356	0.23115354252474266
31107	0.22239968849381342	0.5769775757977552	0.20062273570843128
31108	0.22614213348086304	0.5486460899818271	0.22521177653730998
31109	0.16346515723968338	0.3787250036170058	0.45780983914331086
31110	0.2694338770120782	0.5417982742668245	0.18876784872109736
31111	0.20332261544671476	0.5021339741489074	0.2945434104043778
31112	0.26947520439934186	0.5224217694356578	0.20810302616500037
31113	0.2608862613162023	0.5280956467000869	0.21101809198371085
31114	0.1885290934275391	0.48641611134495805	0.32505479522750286
31115	0.22602925595774176	0.5849812603490945	0.18898948369316376
31116	0.23975119414131066	0.5804805604477594	0.17976824541092992
31117	0.23676092634502552	0.5562799244962955	0.20695914915867897
31118	0.32155415558685896	0.518812446040807	0.1596333983723341
31119	0.28576141688368567	0.52496050195783	0.18927808115848432
31120	0.27513120416835635	0.5208117059294218	0.20405708990222185
31121	0.27385156854748993	0.49787673046712577	0.2282717009853843
31122	0.18404003587146608	0.4864035610729336	0.3295564030556003
31123	0.15358007646892746	0.48224437768240586	0.36417554584866674
31124	0.2525447780685806	0.512177770353903	0.23527745157751634
31125	0.18586513079805855	0.4601411963266547	0.35399367287528677
31126	0.31249197978290716	0.5046896939163056	0.1828183263007873
31127	0.2530035996488521	0.4817158663822712	0.2652805339688766
31128	0.20232760099816965	0.5367510160370376	0.26092138296479267
31129	0.18831883139251915	0.5336975584044682	0.27798361020301265
31130	0.22951596284728293	0.5385694962529682	0.23191454089974892
31131	0.19083284046143736	0.5616484739674827	0.2475186855710799
31132	0.1886235301969316	0.44820760807128723	0.36316886173178115
31133	0.18955656482505898	0.43704428365505094	0.37339915151989017
31134	0.2066876204118691	0.4316354501431619	0.36167692944496893
31135	0.14874018990930518	0.3859366047803287	0.4653232053103661
31136	0.19932040407522178	0.45151096569234545	0.3491686302324328
31137	0.2737665646874878	0.4907758016575438	0.23545763365496847
31138	0.2505330359853859	0.49072051212162604	0.2587464518929881
31139	0.2020251384144267	0.44898915052397126	0.34898571106160203
31140	0.209165168266856	0.45013425993314554	0.3407005717999985
31141	0.21309409885374642	0.4725853177397968	0.31432058340645674
31142	0.28964380499251374	0.4385524575840547	0.27180373742343167
31143	0.41753246240670455	0.4366306794826561	0.14583685811063926
31144	0.3014386316324888	0.4973566589093452	0.20120470945816601
31145	0.3684512942895246	0.45405355431681815	0.17749515139365718
31146	0.26234380783222155	0.5520399976251101	0.18561619454266834
31147	0.2766341805100986	0.5288573057823114	0.19450851370758998
31148	0.21726835170381856	0.5497082196633535	0.23302342863282804
31149	0.19683945302416736	0.42380021215247676	0.37936033482335585
31150	0.22164710858817183	0.4215084798245807	0.35684441158724756
31151	0.21427980661750567	0.47853804894314533	0.30718214443934905
31152	0.2124831378712509	0.4764184729425446	0.31109838918620447
31153	0.2185300582713069	0.4776220313545339	0.30384791037415926
31154	0.18929555210165824	0.4573714249176855	0.3533330229806562
31155	0.2640526012341257	0.5255335601908802	0.21041383857499424
31156	0.2820904194341671	0.5290096919482862	0.1888998886175467
31157	0.32136868747622027	0.47925931650422127	0.1993719960195584
31158	0.23472746731837205	0.5074610855866587	0.2578114470949693
31159	0.1920578452816605	0.5364075106525427	0.2715346440657968
31160	0.1841067796340233	0.461021485407888	0.3548717349580886
31161	0.3072453155060536	0.4933181633394275	0.19943652115451888
31162	0.23747473362975935	0.5158301697883291	0.24669509658191163
31163	0.20912887636413668	0.4864516851266215	0.3044194385092418
31164	0.23761037552621642	0.5535092552523045	0.208880369221479
31165	0.20691228509119008	0.5841353032884538	0.2089524116203561
31166	0.27255499887222756	0.5251967302823007	0.20224827084547176
31167	0.3541822197021486	0.42523919897534473	0.2205785813225066
31168	0.21548965409347245	0.5093167482509684	0.2751935976555591
31169	0.28605072471999915	0.5214568055087702	0.19249246977123066
31170	0.2395127786087011	0.44830434783314704	0.3121828735581519
31171	0.17244829175999987	0.5633065759554158	0.2642451322845842
31172	0.1662149434566576	0.5679907758349788	0.26579428070836364
31173	0.1692490046447593	0.5657380480610272	0.2650129472942135
31174	0.2690741226351634	0.4513193569639157	0.27960652040092093
31175	0.3042242474429959	0.4605110070494388	0.23526474550756518
31176	0.3023176566948109	0.5307829851779033	0.16689935812728568
31177	0.14722268531340174	0.5457743254395298	0.3070029892470686
31178	0.18947526594048114	0.6139130298004788	0.19661170425904004
31179	0.14300807714442493	0.4231390112868061	0.4338529115687689
31180	0.21943119066123828	0.5409010021765543	0.2396678071622074
31181	0.2817277065160071	0.5412609037553933	0.1770113897285996
31182	0.24881669800336378	0.5049938975530116	0.2461894044436247
31183	0.24535419749922258	0.48067215209523534	0.273973650405542
31184	0.2295303451564427	0.5798740065875948	0.1905956482559625
31185	0.22614063973992288	0.575639735955261	0.1982196243048161
31186	0.23061208404639214	0.5422356145017392	0.22715230145186865
31187	0.2126942539606995	0.6138152662492514	0.1734904797900491
31188	0.20149855267574468	0.5004326941729709	0.2980687531512845
31189	0.22088820552803543	0.5265232086600885	0.25258858581187615
31190	0.2513056803271604	0.5897852723017732	0.1589090473710663
31191	0.2833272371653333	0.5314328839055927	0.18523987892907404
31192	0.24632773696105834	0.5484101236938923	0.2052621393450493
31193	0.1587669089103014	0.43149385811659347	0.4097392329731051
31194	0.23232379905990172	0.5284555763808457	0.23922062455925247
31195	0.26309022289526107	0.5357278008807727	0.20118197622396625
31196	0.22003905900701548	0.4713700939996446	0.30859084699334005
31197	0.29630274219315045	0.4682391129649718	0.23545814484187777
31198	0.2698265559963331	0.524713011719609	0.20546043228405783
31199	0.2698265559963331	0.524713011719609	0.20546043228405783
31200	0.287263552916034	0.48482339826888216	0.22791304881508384
31201	0.2072618748600697	0.4698478782856464	0.322890246854284
31202	0.2015727754704138	0.48969602588649436	0.30873119864309184
31203	0.2821145682407668	0.5420384037510039	0.17584702800822932
31204	0.26662008742332266	0.503321960844926	0.23005795173175142
31205	0.23838104210260808	0.4787020886979009	0.282916869199491
31206	0.2625080326786586	0.5121650302775512	0.2253269370437902
31207	0.27737709703831037	0.5300921067163341	0.19253079624535552
31208	0.2536139839707239	0.5724947795415594	0.17389123648771684
31209	0.24881190551405896	0.5677125527600374	0.18347554172590363
31210	0.21799499093489222	0.5346916931987105	0.24731331586639735
31211	0.24395657863960962	0.5303495715668959	0.2256938497934944
31212	0.1579484957774503	0.4958993068484527	0.34615219737409714
31213	0.22485691915460562	0.4656584657232148	0.3094846151221796
31214	0.2600339694482039	0.5067681297792238	0.2331979007725723
31215	0.2885048385447693	0.5132992350569701	0.19819592639826059
31216	0.3148303517580196	0.48990515133859996	0.19526449690338035
31217	0.3093730310984001	0.4792228250239383	0.21140414387766157
31218	0.2358343621550983	0.5347975499180027	0.22936808792689908
31219	0.23038095961497593	0.5076913101857287	0.26192773019929544
31220	0.1984572016115704	0.5942846266640148	0.20725817172441469
31221	0.324986417652457	0.48804550532123975	0.18696807702630325
31222	0.3222559765085583	0.4585885838324891	0.21915543965895265
31223	0.22050150225223966	0.5944468027275874	0.18505169502017307
31224	0.2126668966737919	0.5364739504594486	0.2508591528667595
31225	0.21799499093489222	0.5346916931987105	0.24731331586639735
31226	0.18859732335413168	0.46653051782626065	0.34487215881960764
31227	0.21818675112608682	0.5301486558316088	0.2516645930423045
31228	0.17604686151379997	0.5138310232637763	0.3101221152224238
31229	0.3152881824285658	0.5284441470905399	0.1562676704808944
31230	0.2888787344245148	0.5500311195850398	0.16109014599044535
31231	0.193351419792568	0.5361868956272726	0.2704616845801593
31232	0.18956607078483148	0.4904500914289859	0.31998383778618256
31233	0.18478123380033765	0.5115286773000558	0.30369008889960647
31234	0.2644874539894766	0.5355855796438967	0.19992696636662668
31235	0.18243189110434285	0.42801401348394447	0.3895540954117127
31236	0.21998410176964162	0.5804051502555704	0.199610747974788
31237	0.2126320881363214	0.5475650126727809	0.23980289919089767
31238	0.22500633940732537	0.5274361405412614	0.24755752005141313
31239	0.25074414056283334	0.5055281518752158	0.24372770756195095
31240	0.18004618431780697	0.5016533480546154	0.31830046762757774
31241	0.20927913450335878	0.510409815618177	0.2803110498784642
31242	0.32537545621127756	0.4757473975436431	0.1988771462450793
31243	0.29339330554763887	0.4569499078497093	0.24965678660265184
31244	0.26790477028609894	0.5542787660570588	0.1778164636568422
31245	0.27915672013356824	0.5305610907375082	0.19028218912892353
31246	0.21069869035459424	0.45019959607179344	0.3391017135736123
31247	0.3182201455468945	0.5119520354814844	0.1698278189716212
31248	0.2654699468409874	0.4991871688806517	0.23534288427836095
31249	0.3805419951403673	0.4398372399725118	0.17962076488712087
31250	0.25903997533068873	0.5612345035027786	0.1797255211665327
31251	0.20168930929500736	0.5991289902181668	0.19918170048682587
31252	0.20323611801876346	0.5239270165277804	0.27283686545345615
31253	0.13358486568940225	0.49360545431922936	0.3728096799913684
31254	0.22826112408056815	0.5439966682972638	0.22774220762216807
31255	0.19718680545735093	0.6395762057367538	0.16323698880589543
31256	0.25641687934624247	0.3801117780138828	0.3634713426398747
31257	0.3097472688180957	0.5020059183259851	0.18824681285591927
31258	0.23068028686626071	0.5972836391073595	0.1720360740263798
31259	0.2216284463136836	0.5325108064851604	0.24586074720115603
31260	0.23249940650921552	0.5389016726113447	0.22859892087943975
31261	0.2622732302387749	0.5381300524171096	0.1995967173441154
31262	0.31562110599442145	0.5272479071596232	0.1571309868459554
31263	0.24080157782897624	0.5462118028803089	0.21298661929071497
31264	0.34097435035533263	0.4547513297238752	0.20427431992079212
31265	0.2321447191970861	0.4798368997148012	0.2880183810881126
31266	0.2698213475239368	0.5057870043832232	0.22439164809284
31267	0.3455193427015496	0.48406921386801394	0.17041144343043638
31268	0.1542204670164401	0.48860009869013415	0.3571794342934257
31269	0.23149521925461297	0.49064225527486477	0.2778625254705223
31270	0.2462041984894512	0.5640675152980545	0.18972828621249435
31271	0.22729789569122	0.45642752093608324	0.3162745833726967
31272	0.2719596153336876	0.5957429174960156	0.1322974671702968
31273	0.29242191763941144	0.5045795402408823	0.2029985421197063
31274	0.20353896228248247	0.5552314281096662	0.24122960960785134
31275	0.22826677871979348	0.5195283551520397	0.25220486612816695
31276	0.20570451508749357	0.4505822834293962	0.34371320148311024
31277	0.2609620205539644	0.5032752935649067	0.2357626858811289
31278	0.25465632207062316	0.5319769308569284	0.21336674707244838
31279	0.24275112778846725	0.5508831225265167	0.20636574968501611
31280	0.23018487268984822	0.5031088474599401	0.2667062798502118
31281	0.2537877841056855	0.5406926996941012	0.20551951620021336
31282	0.3796405666526975	0.45583187820907406	0.1645275551382283
31283	0.26867273557824134	0.5308261494697808	0.20050111495197798
31284	0.23465297769568505	0.579150411571262	0.186196610733053
31285	0.3144030523562015	0.5008337893478163	0.18476315829598217
31286	0.1351789381092926	0.4005499960084295	0.4642710658822779
31287	0.21078222274633573	0.37580293364150874	0.4134148436121555
31288	0.31138543832945786	0.4410190944333738	0.2475954672371684
31289	0.26524334878035594	0.518641901822821	0.2161147493968231
31290	0.2175288018662698	0.5409418364567802	0.24152936167694997
31291	0.21584055239171349	0.5027581073217853	0.28140134028650116
31292	0.2324257135274476	0.5470704207269598	0.2205038657455926
31293	0.2525447780685806	0.512177770353903	0.23527745157751634
31294	0.23640661080344058	0.5037514023120526	0.2598419868845069
31295	0.21581320217136962	0.48060336668676107	0.30358343114186936
31296	0.22711484825969375	0.5908850406018505	0.18200011113845552
31297	0.3313750673381265	0.4991350610377743	0.1694898716240993
31298	0.23261879883884867	0.5088612108692429	0.25851999029190836
31299	0.2548965702305305	0.4026169721671222	0.34248645760234725
31300	0.25496452739066977	0.5634694981337022	0.18156597447562808
31301	0.2767505685607409	0.5280906034231048	0.1951588280161543
31302	0.2371445729953702	0.5575987190971664	0.20525670790746348
31303	0.34335388267921163	0.4736403690744296	0.18300574824635882
31304	0.2759057712451536	0.4645915635344983	0.2595026652203482
31305	0.2858606911223911	0.4710751043796344	0.2430642044979745
31306	0.2945916296736293	0.5074643874181237	0.19794398290824705
31307	0.2996757082410735	0.5215952470866572	0.17872904467226933
31308	0.26804226270393844	0.5110617187615144	0.2208960185345472
31309	0.200026385882836	0.536268305862431	0.26370530825473304
31310	0.22840683452061783	0.5657018442458857	0.20589132123349654
31311	0.34470093217752185	0.4722613243985335	0.18303774342394458
31312	0.2745493588391833	0.5055273953924546	0.21992324576836217
31313	0.2947836369012983	0.49788935836090864	0.20732700473779309
31314	0.21417443673624817	0.511525470363803	0.2743000928999488
31315	0.31118510585313935	0.5129904889577479	0.17582440518911285
31316	0.20003903278928903	0.5331119879381936	0.2668489792725174
31317	0.1813894096846374	0.5212372110196634	0.2973733792956992
31318	0.20858356142880388	0.5190960650565464	0.27232037351464977
31319	0.1763268045561305	0.5090657985269548	0.31460739691691475
31320	0.17274615204017701	0.6034003092705382	0.22385353868928468
31321	0.27232297292840163	0.4786173442286903	0.24905968284290814
31322	0.18431296594271945	0.5053338823631529	0.3103531516941276
31323	0.299255280553868	0.5334113727157956	0.16733334673033634
31324	0.32701042045552275	0.4987723000645953	0.17421727947988205
31325	0.2182695666497288	0.5798974072271044	0.20183302612316686
31326	0.30063077486837975	0.5225786355100678	0.17679058962155245
31327	0.26494840304288303	0.5303508903334828	0.2047007066236342
31328	0.30185941365511276	0.5190175789352104	0.17912300740967682
31329	0.28223254812850745	0.4873316662154468	0.23043578565604567
31330	0.28015147918165706	0.49614987917630415	0.22369864164203881
31331	0.2522775143616303	0.3995266016026553	0.3481958840357143
31332	0.24528623182459577	0.575603500919272	0.17911026725613213
31333	0.24150818387575484	0.5479871098597354	0.21050470626450982
31334	0.20259574145118928	0.44612496353333553	0.35127929501547506
31335	0.2265422495446225	0.49005531490499965	0.2834024355503779
31336	0.23526174881071185	0.5465177774625368	0.2182204737267514
31337	0.3337207513644318	0.4504326723324905	0.2158465763030776
31338	0.2126052120290151	0.534352182264554	0.25304260570643083
31339	0.25864578307685687	0.546517202410735	0.19483701451240812
31340	0.3699034105217628	0.43701135944282277	0.1930852300354144
31341	0.29471146637219914	0.5192334183201056	0.18605511530769525
31342	0.20702513920243787	0.4475916396745886	0.3453832211229734
31343	0.2545008947478638	0.541010029511707	0.20448907574042918
31344	0.22664821541241217	0.5252588432783516	0.2480929413092363
31345	0.1939595047870645	0.5971362437102977	0.2089042515026379
31346	0.222543686252902	0.5816782963247596	0.19577801742233839
31347	0.2632209877769384	0.5914664620714992	0.14531255015156236
31348	0.32155415558685896	0.518812446040807	0.1596333983723341
31349	0.15966285197882918	0.5955236714418914	0.24481347657927932
31350	0.2669436682340979	0.5150210401194857	0.21803529164641644
31351	0.24139556383000724	0.590236868209828	0.16836756796016472
31352	0.21995438625817335	0.5930063233639519	0.1870392903778748
31353	0.27389416203677236	0.5445097831852015	0.18159605477802615
31354	0.23346470583442397	0.5311014084114595	0.23543388575411653
31355	0.2644767020269763	0.5785747554317879	0.15694854254123572
31356	0.29353938058305795	0.5045889580108798	0.20187166140606227
31357	0.279043790938799	0.5279693849244365	0.19298682413676455
31358	0.27235202051097746	0.5004085617756778	0.22723941771334472
31359	0.21974788033388107	0.6361271594721024	0.14412496019401658
31360	0.19544885648067725	0.5125978801404542	0.29195326337886857
31361	0.22213524042448624	0.4254790297417815	0.35238572983373223
31362	0.2604073590162496	0.4543080709664152	0.28528457001733515
31363	0.2685191006009403	0.49294329287754896	0.2385376065215107
31364	0.229989080904011	0.5080466330728317	0.26196428602315724
31365	0.2416381614252543	0.5224354776717157	0.23592636090302996
31366	0.2701912214991125	0.5041012868211169	0.22570749167977058
31367	0.21253393300797718	0.509315466512273	0.2781506004797498
31368	0.22711484825969375	0.5908850406018505	0.18200011113845552
31369	0.2731459856302235	0.5165507271199521	0.21030328724982436
31370	0.26644104576315547	0.5129080534117219	0.22065090082512265
31371	0.2177175961323995	0.5319304679529216	0.2503519359146789
31372	0.2883536311988218	0.5397118743544778	0.17193449444670045
31373	0.26318866569363464	0.5204326107335319	0.21637872357283344
31374	0.22952066437632354	0.5602289697365956	0.21025036588708085
31375	0.24053164839965033	0.5554315293097074	0.20403682229064227
31376	0.1813681537630821	0.4622527442483089	0.356379101988609
31377	0.22711484825969375	0.5908850406018505	0.18200011113845552
31378	0.19363647121181896	0.45127983544609757	0.3550836933420835
31379	0.18464495615308252	0.438083777767438	0.3772712660794795
31380	0.21344958307562942	0.5395042125118142	0.24704620441255642
31381	0.2529438654319009	0.5655308182462402	0.1815253163218589
31382	0.26138559727488053	0.5326972506194925	0.205917152105627
31383	0.2684698111691667	0.5304245070511239	0.2011056817797095
31384	0.2194434988650875	0.5329880785301381	0.24756842260477446
31385	0.2517831415776369	0.5816036509702216	0.1666132074521414
31386	0.17393379515033938	0.4616664967032483	0.3643997081464123
31387	0.20325878821617288	0.4707795358752279	0.3259616759085993
31388	0.16995763173303732	0.5689902130181649	0.2610521552487979
31389	0.2711918385029741	0.552023377758245	0.17678478373878095
31390	0.20713357341844385	0.49343281836357894	0.2994336082179772
31391	0.20486549580273844	0.5083920164202103	0.2867424877770513
31392	0.18947619537911561	0.5946184275493761	0.2159053770715083
31393	0.21934903120725285	0.5581548824764508	0.22249608631629628
31394	0.22278874863327658	0.6036065360447794	0.17360471532194388
31395	0.28263402607968646	0.5327025481225744	0.1846634257977391
31396	0.2672062002474758	0.5661052013326028	0.1666885984199213
31397	0.27888985367726493	0.5364206499028166	0.18468949641991853
31398	0.10114170811036227	0.3961894868283821	0.5026688050612556
31399	0.12221440566524869	0.3939007304512447	0.4838848638835067
31400	0.21609807068875542	0.571739309104898	0.21216262020634657
31401	0.30139619284849034	0.5042773969159926	0.19432641023551714
31402	0.21050133448493782	0.5599744034213143	0.22952426209374785
31403	0.2531656882227399	0.5207783007533587	0.22605601102390138
31404	0.328687446381391	0.48121040474495014	0.1901021488736588
31405	0.2546891947786198	0.5605909705768004	0.18471983464457986
31406	0.2743680605349626	0.5410224882957823	0.18460945116925515
31407	0.2006576925448572	0.5913240762210911	0.2080182312340518
31408	0.20908269422495102	0.6180350078770442	0.17288229789800477
31409	0.2625481939717404	0.5391350560356493	0.19831674999261034
31410	0.31304440071643785	0.5125933872105435	0.17436221207301864
31411	0.34833277892805675	0.40887402371980086	0.24279319735214244
31412	0.2712655814737377	0.5390732371147746	0.1896611814114877
31413	0.20237307757001674	0.567396052789018	0.23023086964096537
31414	0.19288616445016152	0.5181138542901572	0.28899998125968124
31415	0.18899889702638045	0.4841326583913255	0.326868444582294
31416	0.23294273466821339	0.49380141973085767	0.27325584560092897
31417	0.23812024336419707	0.5647184884263564	0.1971612682094465
31418	0.13430116214850316	0.3799899759390726	0.4857088619124242
31419	0.24478699311931335	0.557105642880141	0.1981073640005457
31420	0.13450498266185137	0.49283250594059924	0.37266251139754936
31421	0.31171865750584843	0.5008498996303493	0.18743144286380217
31422	0.24090104035206825	0.520188769131135	0.23891019051679677
31423	0.28911357441872754	0.5214668951782457	0.1894195304030267
31424	0.27453148965919427	0.550847090136262	0.17462142020454385
31425	0.27388768369287747	0.527868960938181	0.19824335536894147
31426	0.2742275851219586	0.5434269029465274	0.18234551193151405
31427	0.1931929224535838	0.4464794997669208	0.3603275777794953
31428	0.3255137348770173	0.44706484076821373	0.227421424354769
31429	0.19005026230192207	0.5911762231135873	0.2187735145844906
31430	0.25687593513068885	0.502018434245197	0.2411056306241142
31431	0.2595739329626096	0.5307974081747735	0.20962865886261686
31432	0.19667891351310318	0.5418428245193262	0.2614782619675707
31433	0.2727620071941105	0.4616488419622675	0.26558915084362195
31434	0.2559222086533073	0.5458201067667149	0.19825768457997783
31435	0.20204932982044213	0.48728898858679914	0.31066168159275875
31436	0.15650777280427117	0.7015628570897304	0.1419293701059986
31437	0.23700977916802626	0.5286831853301475	0.2343070355018263
31438	0.21817709671797253	0.48540640952316394	0.2964164937588636
31439	0.24202880406356794	0.5264401447715794	0.23153105116485267
31440	0.21590667890630286	0.5238705641187928	0.2602227569749042
31441	0.24239660738972815	0.5380262775238183	0.2195771150864535
31442	0.40043378144168656	0.45336493416626844	0.1462012843920451
31443	0.25100704676880853	0.56043679598886	0.18855615724233157
31444	0.19940162892511257	0.48149067499791376	0.31910769607697376
31445	0.20582012051170365	0.5056378205108708	0.2885420589774255
31446	0.13802758498681542	0.6837143032789359	0.1782581117342486
31447	0.13802758498681542	0.6837143032789359	0.1782581117342486
31448	0.139058866423254	0.7130790439916352	0.14786208958511088
31449	0.3600716525220607	0.46371117089833075	0.17621717657960853
31450	0.2717024023989054	0.5580964858066257	0.17020111179446895
31451	0.22868379295461794	0.4961663177420482	0.2751498893033339
31452	0.2973665036001808	0.521921559191135	0.18071193720868414
31453	0.15634140915067496	0.5657415508720061	0.2779170399773189
31454	0.26155186790310747	0.5016526412795278	0.23679549081736473
31455	0.21132287137447003	0.5685488048837185	0.22012832374181143
31456	0.24973005200354254	0.572856497465145	0.17741345053131244
31457	0.1589613273070122	0.42771882735822114	0.4133198453347666
31458	0.2742129975898109	0.5107770835291319	0.21500991888105722
31459	0.21603556173310817	0.5025718521823566	0.28139258608453527
31460	0.2500960117779861	0.6097866663171009	0.140117321904913
31461	0.21344958307562942	0.5395042125118142	0.24704620441255642
31462	0.22430920418906766	0.5404295868670719	0.2352612089438604
31463	0.17193701960425484	0.48214553200762544	0.34591744838811966
31464	0.1542204670164401	0.48860009869013415	0.3571794342934257
31465	0.2595739329626096	0.5307974081747735	0.20962865886261686
31466	0.24990015570489701	0.5611381991199709	0.18896164517513217
31467	0.23418714694248072	0.5301979145673239	0.23561493849019535
31468	0.2996734567607123	0.4986747022602873	0.20165184097900046
31469	0.23295209935218145	0.5796710102194242	0.18737689042839423
31470	0.23018580140444841	0.5949757797293247	0.17483841886622695
31471	0.21028328839188515	0.5012006823847207	0.2885160292233942
31472	0.2247644063528676	0.5090968717592894	0.26613872188784304
31473	0.3357425961276313	0.43048941709224564	0.23376798678012317
31474	0.2266050680634355	0.47320474551814845	0.300190186418416
31475	0.14181335653249205	0.7273553309604097	0.13083131250709834
31476	0.14433945369328008	0.7229695642413838	0.1326909820653361
31477	0.27388282510910683	0.5418607945915465	0.1842563802993466
31478	0.19054406793790166	0.4738152953978285	0.3356406366642698
31479	0.22609780709558658	0.5038184563892102	0.27008373651520323
31480	0.218780880938068	0.5412788577865235	0.23994026127540852
31481	0.2243748655389538	0.5301908247407279	0.24543430972031835
31482	0.23439589163869262	0.5265521373175192	0.23905197104378823
31483	0.24170802785764556	0.4771268347745122	0.28116513736784227
31484	0.2819481353924857	0.47027799071264	0.24777387389487426
31485	0.24447526496306268	0.5007336700324756	0.25479106500446175
31486	0.2305606002115385	0.5037900321606004	0.2656493676278611
31487	0.19998500125870927	0.5283649595124783	0.27165003922881237
31488	0.21987748810744503	0.46619219959053687	0.3139303123020182
31489	0.20685974965122855	0.5258374220595111	0.2673028282892604
31490	0.25627672092729886	0.49960665263943144	0.2441166264332697
31491	0.31481179799095654	0.4906400044161925	0.19454819759285097
31492	0.37196898127798916	0.4472930973652821	0.18073792135672867
31493	0.2839332417123658	0.5392520372887534	0.17681472099888076
31494	0.22862255757819663	0.5661791761644267	0.2051982662573767
31495	0.2275216310874854	0.5613902548065912	0.2110881141059234
31496	0.20418993809747568	0.6057934614397295	0.19001660046279495
31497	0.23985708674289377	0.5604120218511083	0.19973089140599798
31498	0.2004382948187342	0.5459365599307646	0.25362514525050117
31499	0.254952173371328	0.5635183265199593	0.18152950010871272
31500	0.2455181826146625	0.5705410829830415	0.18394073440229597
31501	0.2638431258025344	0.508481099035309	0.22767577516215676
31502	0.25685077553155033	0.5333564433222275	0.2097927811462221
31503	0.23776609392120734	0.5593977148067901	0.2028361912720025
31504	0.2635873392654703	0.5576402601036705	0.1787724006308592
31505	0.26220839055457684	0.521237673391611	0.2165539360538121
31506	0.2677258594641428	0.45678902466307675	0.2754851158727804
31507	0.23375455173507365	0.6141323793617947	0.15211306890313167
31508	0.2390578444489532	0.5497933767266598	0.21114877882438687
31509	0.2643704079012288	0.4949123845047396	0.24071720759403156
31510	0.2799590978207661	0.5227522595016755	0.1972886426775584
31511	0.2212112386239083	0.5818590695074083	0.1969296918686834
31512	0.16705473677428842	0.548938127453099	0.28400713577261266
31513	0.25396865057369833	0.5110202379344392	0.2350111114918625
31514	0.26538974218613665	0.5039792235127167	0.23063103430114662
31515	0.29353938058305795	0.5045889580108798	0.20187166140606227
31516	0.2334871366376174	0.5278730809874845	0.23863978237489808
31517	0.2698658797752655	0.5369076737812504	0.19322644644348408
31518	0.21208983202321402	0.5627783809974956	0.2251317869792904
31519	0.22509939644294844	0.5580189354576985	0.21688166809935297
31520	0.2781600575637566	0.49571594918091233	0.22612399325533097
31521	0.2654278573551778	0.5402306935747855	0.1943414490700368
31522	0.28087345552535725	0.5140255452300894	0.20510099924455327
31523	0.1440888948990553	0.6249559435571729	0.2309551615437718
31524	0.35944205221193887	0.49934680526580816	0.14121114252225314
