40860	0.2237938073623973	0.47402971797571025	0.3021764746618925
40861	0.27568601192915	0.5018910789063472	0.2224229091645028
40862	0.26944858492219037	0.5505992558438859	0.17995215923392363
40863	0.20861218733594444	0.5995411867591107	0.19184662590494486
40864	0.17224378763444723	0.45332650515045564	0.3744297072150972
40865	0.22127779118093893	0.5301378491764693	0.24858435964259182
40866	0.2554928980790266	0.541053440724444	0.20345366119652947
40867	0.18071746311654985	0.4631939516184595	0.35608858526499065
40868	0.30838247824671006	0.4873876195094101	0.20422990224387985
40869	0.16113863842531093	0.5560303400936077	0.2828310214810813
40870	0.2686436247900917	0.5428151693320772	0.18854120587783113
40871	0.21758614380461622	0.6046420443935646	0.17777181180181925
40872	0.1705377047064925	0.5447486136915047	0.2847136816020028
40873	0.20696822845031765	0.540540739007612	0.25249103254207034
40874	0.3715193260081897	0.43205019362877334	0.19643048036303687
40875	0.3281409885541705	0.48607910013890243	0.18577991130692711
40876	0.1828384725380877	0.41389206283921953	0.40326946462269286
40877	0.19459536573007205	0.5563692377033641	0.24903539656656382
40878	0.28772595607276075	0.48234085970074736	0.22993318422649192
40879	0.25390425595222826	0.563335923597735	0.18275982045003678
40880	0.20966447120206533	0.5289951262811853	0.2613404025167494
40881	0.3399807833758908	0.4709766096947297	0.1890426069293794
40882	0.17195787988408096	0.48632720477116315	0.3417149153447559
40883	0.13295471371439246	0.662415799803478	0.20462948648212964
40884	0.3227305299746669	0.44392655114488533	0.23334291888044778
40885	0.272318222247702	0.4551496187936636	0.2725321589586345
40886	0.26549131478028754	0.46077780992022266	0.27373087529948975
40887	0.2488094428832743	0.5682312514057329	0.1829593057109927
40888	0.21617503542988484	0.5993579461526056	0.18446701841750954
40889	0.2341174493541463	0.5886959670006889	0.17718658364516482
40890	0.2139943468108258	0.5427720146594311	0.24323363852974308
40891	0.2719289365604231	0.5198621445383259	0.20820891890125104
40892	0.2966789479402847	0.5314721418803356	0.17184891017937956
40893	0.17387220850531274	0.5470699451740269	0.27905784632066044
40894	0.21250499268746437	0.5777508861898722	0.20974412112266336
40895	0.22581614487326207	0.5178985981551643	0.2562852569715737
40896	0.26962927112826063	0.5402251964023563	0.19014553246938304
40897	0.34790579449318043	0.511191386888213	0.1409028186186065
40898	0.2746046348759671	0.5162928555338634	0.20910250959016954
40899	0.3640840185645655	0.44808377650505893	0.18783220493037553
40900	0.20669697626392025	0.543139044507292	0.2501639792287877
40901	0.26952167425863227	0.575684616304262	0.15479370943710566
40902	0.18811646373036403	0.5996304328881371	0.2122531033814989
40903	0.35349958130810205	0.48725144432651696	0.15924897436538094
40904	0.23150785789274114	0.5745074124637547	0.1939847296435041
40905	0.22765629998702283	0.5823427727069628	0.19000092730601426
40906	0.23227249768543234	0.5498549113731647	0.217872590941403
40907	0.18469449741018737	0.4932436867359314	0.3220618158538813
40908	0.20015379430415767	0.6267908785813247	0.17305532711451757
40909	0.2303122174735957	0.4564784564012915	0.3132093261251128
40910	0.21600228934435817	0.5273574494345205	0.25664026122112127
40911	0.2600290577124664	0.5175927247636809	0.2223782175238527
40912	0.253453870028307	0.5446810079903988	0.20186512198129425
40913	0.13295471371439246	0.662415799803478	0.20462948648212964
40914	0.20062913371487545	0.5229266978513689	0.2764441684337557
40915	0.23041657601998405	0.5395824172931182	0.23000100668689782
40916	0.26507866248670336	0.5654933523129513	0.16942798520034558
40917	0.20138073339359847	0.5424135816112748	0.25620568499512675
40918	0.31645495511737587	0.47795149421303373	0.20559355066959042
40919	0.23702709928683613	0.5585874748310843	0.20438542588207956
40920	0.21337492468029123	0.555482098895375	0.23114297642433376
40921	0.2425328283786588	0.5638242553757198	0.19364291624562147
40922	0.14282530731341558	0.4633717344988578	0.39380295818772654
40923	0.20433047844399332	0.5539652744787601	0.24170424707724655
40924	0.23057911081879884	0.5472575912817379	0.2221632978994633
40925	0.19655620915195143	0.5464304143533092	0.2570133764947393
40926	0.21453371460694212	0.5000095902643372	0.2854566951287207
40927	0.2034037060564824	0.48245873478854	0.3141375591549776
40928	0.29679085144090805	0.5248122113380111	0.1783969372210808
40929	0.2292352416738621	0.6022796487448144	0.16848510958132337
40930	0.2525009108484647	0.5502471412971001	0.19725194785443526
40931	0.24021257519873043	0.5532583665893935	0.20652905821187606
40932	0.3419534934831634	0.48981185245788117	0.16823465405895544
40933	0.18408656552976754	0.49148978603365145	0.32442364843658106
40934	0.19523853058427193	0.5714598994452669	0.23330156997046117
40935	0.2729102564751453	0.5308173827327263	0.19627236079212845
40936	0.2221106128228794	0.48015238137492605	0.29773700580219464
40937	0.22385596981231862	0.43827564153360077	0.3378683886540807
40938	0.14282530731341558	0.4633717344988578	0.39380295818772654
40939	0.1943430240669617	0.5871889161170014	0.21846805981603679
40940	0.18397707059998977	0.4890498477465741	0.32697308165343614
40941	0.22234753031288276	0.5186240840714663	0.2590283856156509
40942	0.24201227733047087	0.5785982607217629	0.17938946194776625
40943	0.24920691651896162	0.528592330283905	0.2222007531971334
40944	0.2309938550619295	0.4805832124515479	0.2884229324865226
40945	0.2362710051633827	0.577044714471855	0.18668428036476237
40946	0.2324436281773237	0.550611633406799	0.21694473841587736
40947	0.22881206024462514	0.4995454530082644	0.27164248674711045
40948	0.3702517296770441	0.41967884687746937	0.21006942344548654
40949	0.19563086567296606	0.5588096222209273	0.24555951210610655
40950	0.27051639810209144	0.5603343550758979	0.1691492468220108
40951	0.35444487836512006	0.4040330302391385	0.24152209139574138
40952	0.3377301714451858	0.43122811647461057	0.23104171208020358
40953	0.28918935391402906	0.5614974729164911	0.14931317316947984
40954	0.26373190108146133	0.5263145512305913	0.20995354768794733
40955	0.12123487024517973	0.3263435490570287	0.5524215806977915
40956	0.23343351212216432	0.4699934312991571	0.29657305657867855
40957	0.21650523000457644	0.5486485889134975	0.23484618108192604
40958	0.2263887760988918	0.5295157278546616	0.24409549604644654
40959	0.2582834783896395	0.5461726128437805	0.19554390876658007
40960	0.25056537410774216	0.5392468471232149	0.2101877787690429
40961	0.19087728868640866	0.46397698317502223	0.3451457281385691
40962	0.21795262618246436	0.504098248648191	0.2779491251693446
40963	0.3564175025641095	0.47518668185938057	0.16839581557651
40964	0.21351111642841092	0.562162965572924	0.22432591799866508
40965	0.21593513988417223	0.5684566113702676	0.21560824874556017
40966	0.27047149857880104	0.542845297824599	0.18668320359659987
40967	0.17583213149647348	0.5346418026530685	0.289526065850458
40968	0.30785730069515677	0.5162893934202432	0.17585330588460005
40969	0.326167037809756	0.5254082316809596	0.14842473050928437
40970	0.18433713874720495	0.4034701160632669	0.41219274518952814
40971	0.22338115488879315	0.5923773152733877	0.18424152983781913
40972	0.20266100975785378	0.5477119670781313	0.24962702316401492
40973	0.19471978784149718	0.49809483120988185	0.30718538094862097
40974	0.22371503321256964	0.5254830132737655	0.25080195351366497
40975	0.2652013174282938	0.5431437227633302	0.19165495980837596
40976	0.23101631534733919	0.500191767843482	0.26879191680917874
40977	0.25548596404645524	0.5132533981013814	0.23126063785216336
40978	0.19573641932321179	0.5310228998610594	0.2732406808157288
40979	0.2901048204770911	0.43562113478900066	0.27427404473390826
40980	0.23596994717688413	0.5423467955794429	0.22168325724367288
40981	0.27509830954560854	0.5191123568959513	0.20578933355844028
40982	0.19060152360996105	0.5433982171099137	0.2660002592801252
40983	0.24210891466243178	0.5499238967886335	0.2079671885489347
40984	0.28422347521286145	0.46284864747599436	0.25292787731114413
40985	0.2463399702343641	0.5352847269823993	0.21837530278323664
40986	0.22555174509778952	0.46391770002781463	0.3105305548743959
40987	0.23140503473717697	0.5667872438158105	0.20180772144701262
40988	0.23079203419027997	0.48873576734950314	0.2804721984602169
40989	0.19943024878568374	0.595898763320022	0.2046709878942942
40990	0.20838672390857121	0.512041651034371	0.2795716250570576
40991	0.17049431937257198	0.5604297389032743	0.2690759417241537
40992	0.24050172021839777	0.560930562088226	0.19856771769337625
40993	0.2207340267660092	0.5599432533928581	0.2193227198411327
40994	0.1823559962178198	0.4536379224837448	0.3640060812984355
40995	0.23042953880131944	0.5772319740000612	0.19233848719861935
40996	0.2514348202097217	0.5134308944222313	0.23513428536804692
40997	0.3027345332948412	0.5005798580235508	0.19668560868160812
40998	0.25521061160676606	0.5560976786721219	0.188691709721112
40999	0.19380121525086136	0.5199202564999491	0.2862785282491895
41000	0.21794935430992582	0.5783192164555783	0.2037314292344959
41001	0.2711671642045765	0.543966360136287	0.1848664756591366
41002	0.2591600806809441	0.45380631933388904	0.2870335999851668
41003	0.2156818863007827	0.6252827116012608	0.15903540209795644
41004	0.225422160755666	0.4888899144984712	0.2856879247458628
41005	0.18307361967086927	0.6171747590841925	0.19975162124493828
41006	0.26445262173648115	0.5115496271926127	0.22399775107090625
41007	0.25983690148900374	0.5467772197527261	0.1933858787582702
41008	0.23341282306867547	0.535911401597018	0.2306757753343065
41009	0.18154137874592036	0.5103367479240413	0.30812187333003843
41010	0.2650577322018624	0.48364447865248866	0.251297789145649
41011	0.24924981817847106	0.56169412936191	0.18905605245961898
41012	0.26770555455379885	0.4984742598573177	0.2338201855888834
41013	0.26455429470358577	0.41807359515320736	0.3173721101432069
41014	0.22444955183097054	0.508723842311658	0.2668266058573715
41015	0.24414314665775497	0.5286660179774348	0.2271908353648102
41016	0.26104679958404076	0.54408661892166	0.19486658149429928
41017	0.2646019487044237	0.5126993556192271	0.22269869567634917
41018	0.3107272762287273	0.4792434223405401	0.21002930143073262
41019	0.17706168919770204	0.5322042831201991	0.29073402768209883
41020	0.24571812907564855	0.5355863904260253	0.21869548049832613
41021	0.17530700587487816	0.4824451309990124	0.3422478631261094
41022	0.239257397094919	0.54039134410925	0.22035125879583095
41023	0.17002491264688388	0.35066745523258497	0.4793076321205312
41024	0.1569006273482778	0.4128126732006651	0.43028669945105696
41025	0.2564893827082558	0.5094160285386078	0.23409458875313652
41026	0.20572322615757366	0.5954824103551885	0.19879436348723797
41027	0.17420597665847978	0.457084135953151	0.3687098873883692
41028	0.17466930785318854	0.5042558715492406	0.3210748205975709
41029	0.20162138762020423	0.5262498706303762	0.2721287417494196
41030	0.293101110271726	0.5116540000717907	0.19524488965648332
41031	0.17901736962618967	0.52476658398611	0.2962160463877003
41032	0.12123487024517973	0.3263435490570287	0.5524215806977915
41033	0.17185547873470675	0.4757302819444039	0.35241423932088933
41034	0.19466188044511493	0.524635333497743	0.280702786057142
41035	0.253390987177391	0.5585683767618945	0.1880406360607145
41036	0.22546124339382204	0.5674524773315165	0.20708627927466144
41037	0.21374477219875188	0.5556147439065808	0.23064048389466732
41038	0.18271839705439163	0.5845469996829431	0.23273460326266546
41039	0.21643406288541356	0.6059603734497523	0.17760556366483407
41040	0.23029526638468303	0.5123190198407773	0.2573857137745396
41041	0.16259998557242725	0.4051837699957933	0.43221624443177953
41042	0.19688157531335196	0.5987999885955683	0.20431843609107975
41043	0.17207963550606223	0.5873385403659124	0.2405818241280254
41044	0.2617473221549022	0.5573627610763744	0.18088991676872346
41045	0.2749578961425179	0.515663061579592	0.2093790422778901
41046	0.3149061571718085	0.43504696024936296	0.2500468825788286
41047	0.2624148679266059	0.5699761636971419	0.16760896837625208
41048	0.3211428347473058	0.47421606054170806	0.2046411047109861
41049	0.2749578961425179	0.515663061579592	0.2093790422778901
41050	0.2244335798214201	0.5370292719372427	0.2385371482413372
41051	0.2954545164909572	0.5088539898863458	0.19569149362269705
41052	0.1866039221546695	0.6492593426628707	0.16413673518245983
41053	0.32951088563364345	0.4909027456247725	0.1795863687415841
41054	0.28844731828145775	0.5410810737338059	0.17047160798473643
41055	0.28100070134600136	0.47847728916676013	0.24052200948723845
41056	0.19793357873563025	0.5446505553028237	0.257415865961546
41057	0.23074332918298004	0.5005356643546808	0.2687210064623392
41058	0.21418045523823942	0.5941365744841073	0.19168297027765338
41059	0.2084021305864988	0.5191422168364888	0.27245565257701243
41060	0.24260314532331353	0.5532279207083766	0.2041689339683099
41061	0.2180011727259502	0.478140135596691	0.30385869167735885
41062	0.19876835058696646	0.5235967675288613	0.2776348818841723
41063	0.2484011013426127	0.5547083726540418	0.19689052600334545
41064	0.22630524233663601	0.5069377616978678	0.2667569959654962
41065	0.16280427389080693	0.5210117390757201	0.31618398703347306
41066	0.21530031405857245	0.5478924364778	0.23680724946362766
41067	0.19652915864113785	0.5307564552153202	0.2727143861435419
41068	0.24067459916624095	0.5593147331998063	0.2000106676339528
41069	0.3183276268064995	0.5089923370377952	0.1726800361557053
41070	0.11090698549898632	0.40729676779650426	0.4817962467045094
41071	0.24571812907564855	0.5355863904260253	0.21869548049832613
41072	0.43853481249944565	0.4058169015407595	0.15564828595979482
41073	0.2315009460174761	0.5070542755766131	0.2614447784059109
41074	0.24291807449121786	0.5973266886033002	0.159755236905482
41075	0.2753342386343984	0.5359980380388272	0.1886677233267745
41076	0.26266148677354306	0.5024388231259157	0.23489969010054126
41077	0.30759557317113023	0.5209004754213611	0.17150395140750868
41078	0.22959287484973345	0.50508921716307	0.2653179079871965
41079	0.25444452424298114	0.5394475545391755	0.20610792121784335
41080	0.20452573306182278	0.580145124049566	0.2153291428886112
41081	0.21460483830012278	0.49327576264204515	0.292119399057832
41082	0.25637137521993	0.5475327928566599	0.19609583192341024
41083	0.23752767185549079	0.5477709651859388	0.21470136295857042
41084	0.2586225970149651	0.5252672531706749	0.2161101498143601
41085	0.24067789255758582	0.5362918407911317	0.2230302666512825
41086	0.32397085950430266	0.47220891740537907	0.2038202230903183
41087	0.18564859726000205	0.47965740665319256	0.33469399608680545
41088	0.22210076291974448	0.5186085076354552	0.2592907294448004
41089	0.22021261954164348	0.5558524304529349	0.22393495000542168
41090	0.27187172332054627	0.5496883787105831	0.17843989796887066
41091	0.16902057471659238	0.5266193588787251	0.3043600664046826
41092	0.19750272378588107	0.4095631118749179	0.39293416433920103
41093	0.22325662103897748	0.5579673608135938	0.21877601814742872
41094	0.280025741030183	0.5061014992925051	0.2138727596773119
41095	0.22406814824017343	0.5445862741673135	0.23134557759251304
41096	0.21609401000013032	0.5307326368639816	0.253173353135888
41097	0.2570615684669348	0.5586002052929528	0.18433822624011237
41098	0.29003543836542184	0.5240507159840914	0.18591384565048688
41099	0.21407472881298123	0.5863220238906012	0.19960324729641774
41100	0.12123487024517973	0.3263435490570287	0.5524215806977915
41101	0.20579857895645437	0.5278229081697277	0.2663785128738179
41102	0.19344200389778368	0.6031902633868913	0.20336773271532502
41103	0.22086541072126237	0.5732425475334978	0.2058920417452398
41104	0.27955317590181283	0.5143081875441656	0.2061386365540215
41105	0.23033167932655288	0.566654435782213	0.20301388489123415
41106	0.23932462340745864	0.5609725459080249	0.1997028306845165
41107	0.34787203744431294	0.4440391561876941	0.20808880636799304
41108	0.14649364582626517	0.40076478201669496	0.45274157215703986
41109	0.21979845283344046	0.6184231843120763	0.16177836285448313
41110	0.22335442740865774	0.575146323672588	0.20149924891875426
41111	0.21542727664486175	0.5764536673443185	0.2081190560108199
41112	0.3213582484403435	0.5020796496029333	0.1765621019567232
41113	0.2314450016503354	0.5636696919381889	0.20488530641147565
41114	0.38355634702879354	0.4364668182379469	0.17997683473325957
41115	0.31415533711907834	0.4868476447253137	0.19899701815560794
41116	0.1842743515887043	0.5670883090345107	0.248637339376785
41117	0.2004498915549286	0.4330831745109666	0.3664669339341048
41118	0.2596791473335544	0.5338552532281076	0.206465599438338
41119	0.2113469981909271	0.519912421541421	0.26874058026765185
41120	0.24519511223849066	0.5421551787916989	0.21264970896981034
41121	0.22564406866993084	0.47074879469944036	0.30360713663062877
41122	0.2854142522236324	0.5081237793827138	0.20646196839365383
41123	0.15339669930537922	0.4898759939964108	0.35672730669820996
41124	0.12123487024517973	0.3263435490570287	0.5524215806977915
41125	0.20698255101907095	0.549927267196746	0.24309018178418304
41126	0.1996613612406738	0.48684303024444914	0.31349560851487707
41127	0.25722191330037697	0.522800808778663	0.21997727792096014
41128	0.33272809833070355	0.48845452595666267	0.1788173757126337
41129	0.1873172558541209	0.619316516980126	0.19336622716575314
41130	0.17748697859871712	0.5109340065281399	0.3115790148731429
41131	0.2518365988997215	0.5742449409187366	0.173918460181542
41132	0.19480833005661063	0.5354301237345499	0.2697615462088394
41133	0.23434204351958454	0.572821306746222	0.19283664973419354
41134	0.24295427316957083	0.47122266637151466	0.28582306045891454
41135	0.18433713874720495	0.4034701160632669	0.41219274518952814
41136	0.2170628442658342	0.592556103578787	0.1903810521553787
41137	0.25973047047309833	0.5317917722925739	0.20847775723432782
41138	0.1888759228278463	0.5397139521526002	0.27141012501955347
41139	0.18433713874720495	0.4034701160632669	0.41219274518952814
41140	0.3432019970737408	0.464879684199384	0.19191831872687515
41141	0.20366174906957726	0.45602747976749786	0.34031077116292485
41142	0.26134985325893495	0.5341777373154609	0.2044724094256041
41143	0.22379804275376725	0.5540837600186708	0.22211819722756196
41144	0.28035591065438853	0.5559763109444654	0.1636677784011462
41145	0.19149110383517315	0.5047643050549984	0.3037445911098284
41146	0.22347608852518283	0.5736399343402044	0.20288397713461276
41147	0.2636801160249136	0.49607852925617274	0.24024135471891367
41148	0.2640959232828679	0.4920239140075589	0.2438801627095731
41149	0.20752291701966222	0.5954811339247135	0.1969959490556244
41150	0.3007706225415312	0.5244186996340916	0.1748106778243771
41151	0.2123244081795115	0.5578021923690908	0.22987339945139776
41152	0.18795628729272468	0.48639925907038245	0.3256444536368928
41153	0.24179399089904866	0.4847749977089564	0.273431011391995
41154	0.2756338450981559	0.5669629983082463	0.15740315659359777
41155	0.18705757208154347	0.5000512612941057	0.31289116662435085
41156	0.16287379661124074	0.4485011649861365	0.3886250384026227
41157	0.23820373517601615	0.5653367122023548	0.1964595526216291
41158	0.2408437286038336	0.506847859792544	0.25230841160362233
41159	0.24585169357189246	0.5341873243205619	0.21996098210754553
41160	0.25387269620439407	0.48957188186333256	0.25655542193227326
41161	0.17971559394693645	0.4925011313930152	0.3277832746600483
41162	0.2776430028900149	0.5369897840541485	0.18536721305583653
41163	0.1750258630634205	0.5392450494954144	0.2857290874411651
41164	0.21326936864236348	0.5696996499732094	0.2170309813844271
41165	0.2107085054610125	0.4435358259190253	0.3457556686199621
41166	0.27588483520158436	0.4795907916809765	0.24452437311743905
41167	0.2733496211299932	0.5214373439885588	0.2052130348814479
41168	0.42250635422335314	0.41514674497016574	0.16234690080648112
41169	0.2696594046650162	0.5413326367346152	0.18900795860036862
41170	0.27020430462036155	0.5347732942153471	0.1950224011642913
41171	0.25442131256600126	0.5196168011431207	0.22596188629087804
41172	0.17652169828922154	0.5242453276771438	0.2992329740336345
41173	0.24399981899941342	0.5433476706186778	0.21265251038190874
41174	0.2086129159656437	0.5203796312866361	0.2710074527477201
41175	0.27674334158986924	0.5021047743995705	0.22115188401056032
41176	0.20317659546854278	0.5617733884656306	0.2350500160658266
41177	0.17046278700038536	0.4633453537735	0.36619185922611464
41178	0.2729155238109764	0.5312259306054433	0.19585854558358035
41179	0.2445052980439809	0.4243937396726822	0.33110096228333685
41180	0.33179421874469195	0.5150272379579888	0.1531785432973193
41181	0.18743529345110893	0.5400285160180758	0.2725361905308153
41182	0.225164172717647	0.5667968442937981	0.208038982988555
41183	0.200337675611576	0.4788652941611097	0.3207970302273142
41184	0.1829003808665828	0.6154471139063299	0.20165250522708736
41185	0.34583353604980915	0.4482878289382451	0.2058786350119457
41186	0.38288284641756476	0.4319219968968814	0.18519515668555384
41187	0.2014859430784396	0.4310120141886983	0.367502042732862
41188	0.27702348506172797	0.5562924054861946	0.16668410945207754
41189	0.2277577192817329	0.5352934450576514	0.23694883566061575
41190	0.16983512289040384	0.5127423733623139	0.31742250374728237
41191	0.22868902513672035	0.5215624474081836	0.24974852745509601
41192	0.20861250908413576	0.5372809339381148	0.2541065569777495
41193	0.3041630965079303	0.5548371162573925	0.14099978723467727
41194	0.30477877857686564	0.5164791724452917	0.17874204897784257
41195	0.26907111413104273	0.4747497277517413	0.2561791581172159
41196	0.2310335383745462	0.5154048110651271	0.25356165056032665
41197	0.21545835718636971	0.5395011658101301	0.24504047700350023
41198	0.12123487024517973	0.3263435490570287	0.5524215806977915
41199	0.19107822955458645	0.5422364061149579	0.2666853643304556
41200	0.1604224486481453	0.47495893294050723	0.36461861841134746
41201	0.18960924385794212	0.5033632164081834	0.3070275397338745
41202	0.19669331126873	0.3725647275739452	0.43074196115732477
41203	0.25535676758092724	0.44641947748025385	0.2982237549388188
41204	0.35104674750134546	0.4819323634485908	0.16702088905006376
41205	0.2598421558665084	0.5132192425551232	0.22693860157836845
41206	0.17111444323811828	0.4147699655773219	0.41411559118455993
41207	0.2979255285676201	0.5071974599104626	0.19487701152191725
41208	0.1984181015363834	0.5469643648660505	0.25461753359756617
41209	0.2169826114100514	0.4908523929970224	0.2921649955929262
41210	0.17524891905909198	0.372868463873232	0.45188261706767596
41211	0.20423610726509955	0.48965735234915014	0.3061065403857503
41212	0.30786048578275765	0.5188626772737457	0.17327683694349666
41213	0.19372520089052586	0.5098143272360578	0.2964604718734163
41214	0.23023977977637194	0.5356522451482703	0.23410797507535783
41215	0.2202257149063782	0.5637001151917043	0.2160741699019176
41216	0.2775395892151476	0.540407801223105	0.18205260956174726
41217	0.2529826341720777	0.5172547041236097	0.22976266170431253
41218	0.2596390417399331	0.5261843263278984	0.21417663193216865
41219	0.20967050440248458	0.44903403517711055	0.3412954604204048
41220	0.27041226163081233	0.4929013684936539	0.23668636987553376
41221	0.2026654702239481	0.5784184180184725	0.2189161117575794
41222	0.2513149994814715	0.566448808040299	0.1822361924782296
41223	0.2918220765449379	0.48256665246586283	0.22561127098919928
41224	0.2182586582776342	0.46954882029536	0.31219252142700593
41225	0.17815286826828336	0.442790995720247	0.3790561360114696
41226	0.23286495463655651	0.4749290789946927	0.2922059663687507
41227	0.30838574133564556	0.48527003815345565	0.20634422051089887
41228	0.3210950216647624	0.5015638410705242	0.1773411372647135
41229	0.21800685496740554	0.572044203892403	0.2099489411401915
41230	0.3674667369886766	0.46206031772509565	0.17047294528622775
41231	0.31147621106222184	0.48110448872893397	0.20741930020884422
41232	0.15809883995698568	0.42460341768180315	0.41729774236121114
41233	0.21148019250451527	0.5213123357369092	0.26720747175857557
41234	0.3111421216769658	0.5313635688676891	0.15749430945534504
41235	0.2797112642506754	0.5627909896918585	0.15749774605746605
41236	0.28769280698302885	0.5207539017278807	0.19155329128909046
41237	0.23484440261931944	0.5494983516743662	0.21565724570631445
41238	0.26944858492219037	0.5505992558438859	0.17995215923392363
41239	0.26989431082113924	0.5020908927575216	0.22801479642133912
41240	0.3028519977856913	0.5047617860237865	0.1923862161905222
41241	0.2512498364954733	0.5413087696364973	0.20744139386802937
41242	0.3457485875458264	0.47610275891792314	0.1781486535362505
41243	0.37602997309106123	0.41988614244575745	0.20408388446318126
41244	0.4230320069752727	0.42092662176008444	0.15604137126464288
41245	0.15401505967389037	0.6532379596737634	0.19274698065234622
41246	0.2990879428018068	0.5546633503574989	0.14624870684069413
41247	0.18557401166352577	0.4353240896599144	0.37910189867655986
41248	0.21629124686789167	0.4822218278720814	0.30148692526002696
41249	0.23271447048196614	0.5399673119012831	0.22731821761675083
41250	0.24768329537284545	0.539633310850454	0.21268339377670062
41251	0.20881591130568836	0.5337111562657333	0.25747293242857844
41252	0.18474314755620547	0.5324679835761655	0.2827888688676289
41253	0.2259729798265703	0.5624651175636428	0.21156190260978694
41254	0.2321866531750802	0.5874474799520272	0.18036586687289263
41255	0.3217040305887086	0.5341482635575119	0.1441477058537795
41256	0.1974305673754328	0.555009649250242	0.2475597833743252
41257	0.19446834396230264	0.5450939824732378	0.26043767356445946
41258	0.1984868518033867	0.5757067501865885	0.22580639801002486
41259	0.15046476039084877	0.4897509349732861	0.3597843046358651
41260	0.20782314605405094	0.49861355992805206	0.293563294017897
41261	0.25102392545993224	0.5337043694377256	0.21527170510234214
41262	0.2738329199033612	0.4857410840597067	0.2404259960369321
41263	0.25615514395357514	0.5409490075348817	0.20289584851154313
41264	0.1596054747111004	0.511238697974816	0.3291558273140836
41265	0.19677491405218625	0.5461438794900875	0.25708120645772636
41266	0.21010214907292513	0.6135535158010166	0.17634433512605824
41267	0.1764509459149703	0.4014105493699785	0.4221385047150512
41268	0.20572119756863355	0.5834121172593006	0.21086668517206575
41269	0.24606456581610447	0.555967198673233	0.1979682355106626
41270	0.14416989167503613	0.41203996345777866	0.4437901448671853
41271	0.21610720921753915	0.4962898014736841	0.28760298930877676
41272	0.2260164454454209	0.5532290330747107	0.2207545214798684
41273	0.24099831747389633	0.5566416152439938	0.20236006728210987
41274	0.19521595919241802	0.6360120180410518	0.16877202276653017
41275	0.22701850361939102	0.5385972748403497	0.2343842215402592
41276	0.2521024213741916	0.5686159314718081	0.17928164715400027
41277	0.21078686983745895	0.5971359793365026	0.1920771508260385
41278	0.23529057506562495	0.5036788889210843	0.2610305360132908
41279	0.1819443661691517	0.4003331348097253	0.417722499021123
41280	0.2984972564877034	0.5216219189049409	0.17988082460735566
41281	0.19477672428201762	0.49233192956464594	0.3128913461533364
41282	0.23140503473717697	0.5667872438158105	0.20180772144701262
41283	0.30259700069594464	0.5466151092948079	0.1507878900092474
41284	0.21536032751175724	0.45618589828003414	0.3284537742082087
41285	0.23441362529731688	0.47432839474294575	0.29125797995973746
41286	0.32543091554904047	0.4871923362739586	0.18737674817700095
41287	0.20787130916032134	0.5638586459171333	0.22827004492254532
41288	0.22190101895841852	0.5547834843383608	0.22331549670322065
41289	0.20540654990727994	0.4837778350679238	0.3108156150247962
41290	0.3363143381360324	0.48402488912620273	0.17966077273776493
41291	0.15204552282097963	0.4482992504070096	0.3996552267720108
41292	0.22674151477721577	0.5562195073721743	0.21703897785060997
41293	0.21317512053413032	0.5217417422814421	0.26508313718442755
41294	0.26067011344818575	0.5481465482214875	0.19118333833032686
41295	0.2345094496482449	0.6001946344524193	0.16529591589933595
41296	0.23514390816737857	0.5694386642189381	0.19541742761368336
41297	0.28196971803083587	0.5021558486668823	0.21587443330228184
41298	0.2739391664398691	0.5159973576531782	0.2100634759069527
41299	0.19050378644819932	0.5891690043212957	0.22032720923050506
41300	0.2096342202127887	0.5520364007595312	0.23832937902768017
41301	0.17966153325205406	0.5318347185082459	0.28850374823969993
41302	0.24080793655210905	0.5464723409980033	0.21271972244988763
41303	0.31746673120092067	0.49715622920193264	0.18537703959714674
41304	0.2176278635684793	0.5581732852287756	0.22419885120274502
41305	0.21962812700963605	0.5186892693992275	0.2616826035911364
41306	0.2664741958932092	0.4427248390283451	0.2908009650784458
41307	0.19566322595186844	0.642988924066291	0.16134784998184057
41308	0.2393122974221236	0.5329654750624618	0.22772222751541454
41309	0.20131480067631713	0.5573197983457765	0.24136540097790643
41310	0.35276218619359556	0.45300022902217907	0.19423758478422548
41311	0.25926430133640943	0.5135768126096326	0.22715888605395784
41312	0.19086880653593818	0.5986762814160659	0.21045491204799582
41313	0.20579339936676097	0.5506106912806471	0.24359590935259193
41314	0.20607880817919116	0.4594185489607982	0.3345026428600107
41315	0.19018470064606258	0.5520660965007189	0.25774920285321856
41316	0.21931145755852738	0.5848181746833997	0.19587036775807293
41317	0.24896051987200954	0.5410232956377465	0.21001618449024392
41318	0.30039981176419267	0.45739439588870745	0.24220579234709985
41319	0.24450751785644073	0.5095627888897772	0.24592969325378194
41320	0.17027644425269028	0.40296641300026015	0.4267571427470496
41321	0.24404786435423242	0.563053216817777	0.19289891882799065
41322	0.15940152939180266	0.6009766776021317	0.23962179300606562
41323	0.24412623908408093	0.550372537117351	0.205501223798568
41324	0.20367588793629987	0.5051454566304261	0.2911786554332739
41325	0.22166791057328408	0.5927687653815304	0.18556332404518555
41326	0.17462886255908902	0.36398396098540636	0.4613871764555047
41327	0.24840283663776297	0.5484618755159196	0.20313528784631738
41328	0.39246708503073446	0.4526420533172298	0.15489086165203572
41329	0.2790501343655541	0.4655455484355718	0.2554043171988741
41330	0.14092136630396443	0.5044799967136048	0.35459863698243055
41331	0.21047928245929742	0.5772806773241456	0.212240040216557
41332	0.1963059094725103	0.5691105308005178	0.23458355972697192
41333	0.2917515776894893	0.5359467060848191	0.17230171622569163
41334	0.24371744872616968	0.535830553711506	0.2204519975623243
41335	0.2962053961397831	0.5107881752911932	0.1930064285690237
41336	0.10787714301479874	0.3961534127832713	0.49596944420193
41337	0.32200000844288507	0.48402077203937705	0.19397921951773786
41338	0.3211813196477086	0.5058001799496864	0.17301850040260494
41339	0.22078741478864153	0.5054346397531468	0.27377794545821166
41340	0.21353818077134673	0.5374123592575878	0.24904945997106548
41341	0.2385114290544841	0.5153469376154989	0.24614163333001704
41342	0.24785974387708268	0.5157995388510539	0.2363407172718635
41343	0.3302793516517118	0.5341180671069281	0.13560258124136
41344	0.231005430249313	0.4403310209353195	0.32866354881536747
41345	0.17737471241908764	0.6167392458541592	0.20588604172675307
41346	0.24491854225323295	0.524520096146219	0.23056136160054802
41347	0.21152557611745879	0.544527031083331	0.24394739279921024
41348	0.33654827470499393	0.47779026733838054	0.1856614579566256
41349	0.24133702606338062	0.5361168277686469	0.2225461461679725
41350	0.22168270928732248	0.4294713178210561	0.3488459728916215
41351	0.26769023661376146	0.4635669404882221	0.2687428228980164
41352	0.21781123053564763	0.5685229895438288	0.21366577992052352
41353	0.22925699697675075	0.559925018725597	0.21081798429765233
41354	0.17575248780657707	0.5843705256601555	0.23987698653326733
41355	0.2434435744228513	0.5518048894370764	0.20475153614007233
41356	0.22287507244649024	0.4733558147160577	0.3037691128374521
41357	0.25856613342011897	0.49823469254826075	0.24319917403162036
41358	0.17085237111381274	0.4166531874403191	0.4124944414458682
41359	0.2443274452962878	0.5235529495553448	0.23211960514836744
41360	0.219497215924103	0.5951411363316047	0.18536164774429237
41361	0.1427915568544229	0.2655105815248356	0.5916978616207416
41362	0.21109868361017156	0.6121931607824308	0.17670815560739764
41363	0.14584294496055494	0.3721155431026859	0.4820415119367591
41364	0.2685381772627722	0.5037860230220659	0.22767579971516197
41365	0.2249244698501552	0.5453281772146269	0.22974735293521795
41366	0.23271497993714746	0.5567449900206933	0.21054003004215927
41367	0.264512522632286	0.5598673723446828	0.17562010502303116
41368	0.31251580702195253	0.487064732651822	0.20041946032622546
41369	0.1640173425359779	0.6042932284459648	0.2316894290180574
41370	0.2592325219493076	0.5484542717302201	0.19231320632047227
41371	0.22238623961764042	0.5049624619327063	0.27265129844965313
41372	0.24563512622479394	0.5287039136927748	0.2256609600824312
41373	0.21418500781588373	0.5218052855339518	0.26400970665016454
41374	0.2673494622466048	0.5072952823055031	0.22535525544789214
41375	0.2628580451216889	0.5008869657690027	0.23625498910930837
41376	0.22607417654194759	0.5956192571876667	0.17830656627038557
41377	0.3612487169455431	0.5308546228020139	0.10789666025244303
41378	0.2932780557059339	0.56932866163455	0.13739328265951617
41379	0.1709647922717117	0.6284023949331856	0.20063281279510253
41380	0.23086988862828903	0.5153953655522752	0.2537347458194359
41381	0.2704939768799498	0.49275374846757586	0.23675227465247445
41382	0.19618309243790305	0.5655197811077826	0.23829712645431436
41383	0.1640173425359779	0.6042932284459648	0.2316894290180574
41384	0.203481221068397	0.5154517468456412	0.28106703208596173
41385	0.3794703172133781	0.4356177027373969	0.18491198004922507
41386	0.19998132813166428	0.546563638907321	0.25345503296101474
41387	0.207168679277278	0.5454582623411233	0.24737305838159865
41388	0.24573775625041777	0.5624516713229373	0.1918105724266449
41389	0.2740448978018166	0.5164927372783503	0.20946236491983308
41390	0.18842217235907877	0.5867341407078311	0.22484368693308998
41391	0.2538313349548091	0.5642053030638393	0.18196336198135163
41392	0.24571812907564855	0.5355863904260253	0.21869548049832613
41393	0.35678431084324796	0.45692675319420467	0.1862889359625474
41394	0.3177711306550791	0.4656751482584237	0.21655372108649723
41395	0.16952754705622422	0.42761666906576073	0.402855783878015
41396	0.22101786541466073	0.5953211104081212	0.1836610241772181
41397	0.2319463655666586	0.5514479960195311	0.2166056384138103
41398	0.24106247157345131	0.5551326077077227	0.20380492071882608
41399	0.27560495240310484	0.5434571203185827	0.1809379272783124
41400	0.28900818625131397	0.4946978053016121	0.21629400844707392
41401	0.18118266801865587	0.5759804173021151	0.242836914679229
41402	0.22893855302574487	0.5279960872884846	0.24306535968577053
41403	0.2716999465598968	0.5166154093062849	0.21168464413381818
41404	0.261993063798561	0.5523616011864909	0.1856453350149481
41405	0.20790328657267132	0.5783604760691329	0.2137362373581959
41406	0.14282530731341558	0.4633717344988578	0.39380295818772654
41407	0.19273924745644708	0.43046118409181416	0.37679956845173884
41408	0.23815488463863269	0.5084750858037936	0.25337002955757365
41409	0.25024781625775905	0.5262223859772768	0.2235297977649642
41410	0.23378787862695743	0.5376761457200291	0.2285359756530135
41411	0.2251259829432239	0.5404815329743564	0.23439248408241964
41412	0.21715050996193117	0.4442529145165211	0.3385965755215477
41413	0.22090911889422862	0.5716929804869734	0.20739790061879806
41414	0.2343293332615576	0.5273050002663534	0.23836566647208896
41415	0.24706492208114067	0.5733823312101307	0.17955274670872862
41416	0.28253521106759505	0.49704495166239654	0.2204198372700085
41417	0.24435595808121144	0.5313761628862531	0.2242678790325354
41418	0.218950328663628	0.5742118346433581	0.2068378366930138
41419	0.25936429722852383	0.5544506583998379	0.18618504437163827
41420	0.3030251782799859	0.5188106151623642	0.17816420655764997
41421	0.2169210056687563	0.5008315511368387	0.282247443194405
41422	0.2541141917159327	0.40778769103424906	0.3380981172498183
41423	0.36589555956896375	0.4232746621165749	0.21082977831446142
41424	0.20996763878461747	0.49662480651474955	0.29340755470063296
41425	0.29306851151578456	0.5247757177993269	0.1821557706848886
41426	0.3326062892969054	0.5156820502184304	0.15171166048466414
41427	0.1897683002939856	0.5590289701486248	0.2512027295573896
41428	0.23374654603062006	0.5740393383887362	0.19221411558064377
41429	0.18011883461618322	0.6213312718535458	0.19854989353027094
41430	0.28806402256564645	0.5389644852148897	0.17297149221946387
41431	0.21320156290044276	0.5616447333435421	0.22515370375601518
41432	0.21526363278568042	0.5450994991890511	0.23963686802526846
41433	0.25236766105019637	0.4119807671252325	0.33565157182457117
41434	0.28737966230796047	0.5297892676168154	0.1828310700752242
41435	0.36631483112798513	0.47644889801024704	0.15723627086176775
41436	0.19186498461595566	0.5311127010556215	0.27702231432842295
41437	0.2208211333455061	0.5518788140454683	0.22730005260902544
41438	0.4007204892199007	0.4317696568683131	0.16750985391178616
41439	0.17340850686081652	0.51153014693381	0.31506134620537335
41440	0.2281233727636736	0.5544494749009877	0.21742715233533866
41441	0.26364892124108547	0.5501885973355976	0.18616248142331698
41442	0.19282977103959031	0.5479554134260961	0.25921481553431347
41443	0.1975021249141869	0.6231331929925675	0.1793646820932456
41444	0.2300805475381549	0.531311058709374	0.23860839375247112
41445	0.1816652945667573	0.5676568795453947	0.25067782588784804
41446	0.38926358880970524	0.4526535780312853	0.1580828331590093
41447	0.2085089523647189	0.5587345305243225	0.23275651711095852
41448	0.25644054811418787	0.5506284844612119	0.19293096742460025
41449	0.218828343488315	0.545451283635259	0.23572037287642608
41450	0.2506588625803507	0.559149435040313	0.1901917023793363
41451	0.3211428347473058	0.47421606054170806	0.2046411047109861
41452	0.1978779147494193	0.49940944287337	0.30271264237721074
41453	0.22079807723771064	0.5224108378129015	0.25679108494938785
41454	0.31001319826839085	0.5316031407318597	0.15838366099974957
41455	0.27974781322211933	0.5141037991600563	0.2061483876178244
41456	0.36792813367029936	0.48089870435223037	0.1511731619774702
41457	0.27174789274836475	0.5482230591773287	0.1800290480743066
41458	0.2053798352537999	0.5306417725972836	0.26397839214891644
41459	0.23809720384076705	0.5782507491985264	0.1836520469607065
41460	0.3418233906348161	0.4472485214546173	0.2109280879105666
41461	0.39724584112339023	0.4174159554356103	0.1853382034409995
41462	0.2276394844124228	0.5742088388538371	0.19815167673374026
41463	0.21066395752843703	0.4893904529471329	0.29994558952443007
41464	0.39246708503073446	0.4526420533172298	0.15489086165203572
41465	0.2323688612121485	0.5453700801305136	0.22226105865733792
41466	0.32692898159137473	0.4723887241393606	0.20068229426926465
41467	0.24148586013474269	0.5330233711646761	0.22549076870058107
41468	0.24571465931422448	0.5495160260014644	0.20476931468431112
41469	0.2165423627526385	0.552867788652198	0.23058984859516352
41470	0.2277111483594817	0.5027172211169834	0.2695716305235349
41471	0.2743219714501196	0.539329526641308	0.18634850190857244
41472	0.23577057341993513	0.5215628567322248	0.2426665698478401
41473	0.22331923748538626	0.5758534562982165	0.20082730621639733
41474	0.2196810108061032	0.5656377819131584	0.21468120728073836
41475	0.23976832173744642	0.5436925957236343	0.2165390825389194
41476	0.2581506203845974	0.5976906137589103	0.14415876585649234
41477	0.202469858872009	0.6126917636809701	0.18483837744702084
41478	0.27643234090909036	0.41747823070742196	0.30608942838348774
41479	0.2815692235395051	0.5583262882379252	0.16010448822256967
41480	0.23204638866942995	0.5585886893330942	0.20936492199747578
41481	0.24199354264114556	0.5001722762407043	0.2578341811181502
41482	0.19105691045214737	0.5871884148665295	0.22175467468132315
