21257	0.09464403592234462	0.7265391205831122	0.17881684349454333
21258	0.05248404169540285	0.8617365324738389	0.08577942583075837
21259	0.16057644838641405	0.6094536964257181	0.22996985518786786
21260	0.11562140817080567	0.8188088267522923	0.06556976507690203
21261	0.2745796580156646	0.4897566539934984	0.235663687990837
21262	0.3138758651910625	0.5230896228871301	0.16303451192180743
21263	0.06567796034515312	0.4130305598765889	0.5212914797782581
21264	0.14751776357612825	0.6977208550904089	0.15476138133346282
21265	0.17564367406257145	0.7207064783584514	0.10364984757897709
21266	0.07992643726815223	0.30866822862965737	0.6114053341021904
21267	0.027747502954805898	0.3642454195942037	0.6080070774509904
21268	0.1015775525417784	0.7604192975742622	0.13800314988395948
21269	0.2293201928116834	0.6982947571621847	0.07238505002613194
21270	0.12662428855257848	0.6991955530922525	0.174180158355169
21271	0.22679720247337085	0.5961754572742586	0.17702734025237063
21272	0.09647249240313004	0.7135376595414501	0.18998984805541974
21273	0.11729127477730683	0.8390461871643708	0.043662538058322466
21274	0.40755231767880734	0.5360246427797365	0.05642303954145617
21275	0.28416311820024537	0.6500533376223707	0.06578354417738391
21276	0.19839550123791014	0.6926281162338436	0.10897638252824642
21277	0.1773566325488667	0.7654991754105941	0.05714419204053922
21278	0.2041238691886651	0.6648744142516624	0.1310017165596725
21279	0.4590000457016659	0.3371693351453202	0.20383061915301384
21280	0.06107366596991737	0.7152830148220993	0.22364331920798328
21281	0.17277269623788252	0.6828544189630366	0.1443728847990808
21282	0.10094721260744503	0.5668646963549484	0.33218809103760655
21283	0.2293629947244169	0.6603021991908694	0.11033480608471365
21284	0.08540379799980598	0.7878493839060269	0.12674681809416716
21285	0.11116435092848864	0.8348705525039563	0.053965096567555014
21286	0.07754457953985928	0.8946339518230121	0.027821468637128716
21287	0.18253594210610044	0.7393823299773703	0.07808172791652926
21288	0.054813643872662375	0.806069022679936	0.1391173334474017
21289	0.09281632871734806	0.8246400680361822	0.08254360324646969
21290	0.12128895718202742	0.7546955575254494	0.12401548529252315
21291	0.23106409140131987	0.7037549283180549	0.06518098028062529
21292	0.1326253601861027	0.6846960018070595	0.1826786380068378
21293	0.16116114942978887	0.7160962270604873	0.12274262350972383
21294	0.08395858238073517	0.6703860837375323	0.24565533388173252
21295	0.09639170285034702	0.8113355391132222	0.09227275803643077
21296	0.12598820948251332	0.7781755456624154	0.09583624485507121
21297	0.11087764261378458	0.6309513088510856	0.25817104853512973
21298	0.07663993118389979	0.8708803940899966	0.05247967472610354
21299	0.16618048874498037	0.7553585785024296	0.07846093275259014
21300	0.11491703106705926	0.7905406871974927	0.09454228173544797
21301	0.19400736614825878	0.7079730399095564	0.09801959394218478
21302	0.11247510581895004	0.8185912072513085	0.0689336869297414
21303	0.17504117556345397	0.7334220154116281	0.09153680902491801
21304	0.23765572415281286	0.6146406166101022	0.14770365923708498
21305	0.1780860434415282	0.7050662264399113	0.11684773011856042
21306	0.04264314502273595	0.7710016186235191	0.18635523635374482
21307	0.10966736475676553	0.7558202609872456	0.13451237425598864
21308	0.13226357431459446	0.7089976657558847	0.15873875992952072
21309	0.08969327402152956	0.775153585035463	0.13515314094300734
21310	0.0909723869078043	0.42799716388598325	0.48103044920621246
21311	0.24160705431862117	0.6982848557766879	0.060108089904690964
21312	0.03925450327597379	0.39469387966829905	0.5660516170557272
21313	0.04848865671489492	0.8920210278349149	0.0594903154501903
21314	0.13440065228317236	0.7946975067462668	0.07090184097056083
21315	0.1974692916122859	0.7052745048517787	0.09725620353593534
21316	0.08646098795397826	0.3803897213440804	0.5331492907019414
21317	0.22740479097652333	0.6751728910556465	0.0974223179678303
21318	0.12367234133400529	0.5371156100054035	0.3392120486605912
21319	0.23538994355487564	0.6074318206858402	0.15717823575928425
21320	0.10509467799716639	0.658586473854177	0.23631884814865645
21321	0.1491921811054118	0.4826822958165374	0.36812552307805074
21322	0.25646924804368104	0.6249573283906871	0.11857342356563193
21323	0.0869011032739518	0.8335510127724618	0.07954788395358624
21324	0.13520065497103437	0.7817725209880574	0.08302682404090822
21325	0.1331340981026514	0.7541956562877697	0.11267024560957907
21326	0.06967242595033397	0.884963166396228	0.045364407653438014
21327	0.1724280590888606	0.71737872899931	0.11019321191182933
21328	0.15766748865046343	0.6712421745715823	0.17109033677795427
21329	0.026518818558237567	0.6400661720083108	0.33341500943345154
21330	0.07551503323507797	0.3906466302028854	0.5338383365620366
21331	0.12965551327144711	0.5432144358956138	0.327130050832939
21332	0.20432578638225843	0.6253357604657457	0.17033845315199583
21333	0.17523891708935788	0.6824555442533287	0.14230553865731335
21334	0.1125386780483852	0.7720185538226003	0.11544276812901444
21335	0.13520383770799482	0.7865047308398556	0.07829143145214956
21336	0.039763044316717434	0.8615213854870053	0.09871557019627714
21337	0.4438429391327037	0.49900570098254887	0.057151359884747475
21338	0.11730074205123604	0.7783497083748546	0.10434954957390936
21339	0.06927707402934737	0.6095332167174874	0.32118970925316526
21340	0.1317400768447982	0.7798905488830149	0.08836937427218694
21341	0.14791532778196306	0.7165768729116849	0.13550779930635187
21342	0.16261708065750824	0.5901822469285184	0.2472006724139734
21343	0.3846181204187497	0.48294385490107444	0.13243802468017593
21344	0.1455845145511465	0.7522861053454903	0.10212938010336318
21345	0.15425325302413104	0.7832054170445034	0.06254132993136557
21346	0.10044507155051198	0.8262442168983292	0.07331071155115874
21347	0.050532521518568574	0.7672100553974586	0.18225742308397266
21348	0.2144956262308412	0.6967829637341518	0.08872141003500693
21349	0.06574692242382847	0.8357090656999331	0.09854401187623846
21350	0.15632296213565292	0.6467651078872146	0.1969119299771324
21351	0.06657273999329152	0.817865558145078	0.11556170186163046
21352	0.17901563530174625	0.7614294238834264	0.05955494081482746
21353	0.18390891443136526	0.758777509196625	0.05731357637200979
21354	0.11552125603941656	0.7722546699797972	0.11222407398078622
21355	0.11830198260513403	0.8467574999405448	0.03494051745432106
21356	0.14347730038593168	0.82439949328214	0.03212320633192841
21357	0.11165817237279718	0.7665502092170291	0.1217916184101739
21358	0.19359923294318393	0.7363169931139852	0.07008377394283087
21359	0.19359923294318393	0.7363169931139852	0.07008377394283087
21360	0.1612063821934734	0.7710047226031836	0.06778889520334287
21361	0.14221087638569696	0.7419222863268544	0.11586683728744866
21362	0.04758855959210012	0.39734638706913267	0.5550650533387671
21363	0.16665185922795708	0.739678472763231	0.09366966800881187
21364	0.5942196352919455	0.354407367535221	0.05137299717283339
21365	0.14062521837923334	0.8136461060757938	0.04572867554497292
21366	0.07095272183908795	0.8835192030917943	0.04552807506911779
21367	0.07288833557277695	0.7860907199139545	0.14102094451326844
21368	0.17048212303772212	0.6719229365916913	0.15759494037058655
21369	0.108962613496487	0.6776469607278681	0.21339042577564485
21370	0.15286049155027573	0.7232550935913711	0.12388441485835333
21371	0.122780085230906	0.6847927244303574	0.19242719033873654
21372	0.08811943191551193	0.8072532965322523	0.10462727155223565
21373	0.1816483706045293	0.6774423538379367	0.14090927555753396
21374	0.07413079693621077	0.8698639523746098	0.056005250689179394
21375	0.16504450841007026	0.7466903755658284	0.08826511602410138
21376	0.49097598674840065	0.40722303495351336	0.10180097829808597
21377	0.2824154319349768	0.5902242248211421	0.1273603432438811
21378	0.06546569262096201	0.8895110531977016	0.04502325418133643
21379	0.16297480626388547	0.7250183615009135	0.11200683223520118
21380	0.5287838688933543	0.40909174752244715	0.06212438358419858
21381	0.5660108350514355	0.382855641685326	0.051133523263238494
21382	0.05594554038138507	0.783684123928731	0.16037033568988387
21383	0.16659868622841853	0.7641173127123229	0.06928400105925868
21384	0.08195071203640435	0.6515787453677145	0.26647054259588115
21385	0.08821501934756419	0.4589350682829148	0.45284991236952105
21386	0.12095200280163515	0.6936564703478579	0.1853915268505069
21387	0.1318272824193058	0.7677842871062562	0.10038843047443813
21388	0.07418360390536731	0.7972483569981166	0.1285680390965162
21389	0.1969898992679027	0.7368888963062804	0.06612120442581687
21390	0.055404836848843196	0.7983756491812019	0.14621951396995478
21391	0.28574927781384785	0.6545297435152188	0.05972097867093349
21392	0.19446217245257716	0.695108743432789	0.11042908411463387
21393	0.06906941302850944	0.6667516594110309	0.26417892756045974
21394	0.12409600660456395	0.8056704031631733	0.07023359023226267
21395	0.3803025202508068	0.4634559063660702	0.15624157338312303
21396	0.2315896167637643	0.6959375123955741	0.07247287084066176
21397	0.2142669524585212	0.7090508884567267	0.07668215908475223
21398	0.1609229928725217	0.7410454475200376	0.09803155960744071
21399	0.14759180451383297	0.7633804788647539	0.08902771662141316
21400	0.22627023126408555	0.6617497978364667	0.11197997089944761
21401	0.07837173112705886	0.7677878046996259	0.15384046417331534
21402	0.12545479503650256	0.813307328241268	0.06123787672222952
21403	0.07144812014643631	0.4030748324713622	0.5254770473822016
21404	0.10821999677665683	0.7596703342184078	0.13210966900493556
21405	0.09588048328177894	0.5614048166736395	0.34271470004458154
21406	0.15683422973112968	0.6308529142303102	0.2123128560385602
21407	0.05038321947614882	0.4787937411851373	0.4708230393387139
21408	0.1604807513232176	0.7817699262756839	0.057749322401098556
21409	0.17442234018780567	0.7610634413906864	0.06451421842150794
21410	0.1808107496964245	0.7530608748971623	0.06612837540641325
21411	0.11643388846064613	0.8414845277062993	0.04208158383305449
21412	0.14261981796066495	0.8099834584800099	0.047396723559325254
21413	0.11580972331527094	0.8078195054818704	0.07637077120285851
21414	0.04481553095529534	0.3832000933957725	0.5719843756489323
21415	0.14238795140936789	0.7124101114116383	0.14520193717899368
21416	0.1945707585735592	0.7261840749065686	0.07924516651987214
21417	0.3593015189741835	0.5777777633058148	0.06292071772000181
21418	0.2250540664644026	0.7092284060363854	0.06571752749921196
21419	0.15329471574059625	0.7624089503908801	0.08429633386852371
21420	0.07410417890276579	0.8578768435132981	0.0680189775839362
21421	0.11382021962375177	0.7738870460800794	0.11229273429616889
21422	0.1817039561905068	0.7582335998003393	0.06006244400915387
21423	0.09894243436325882	0.8534756770620359	0.04758188857470521
21424	0.1985218425910348	0.7329624212043808	0.0685157362045843
21425	0.11466225080006683	0.8110090031119904	0.07432874608794277
21426	0.07451819079567783	0.7000199514063802	0.225461857797942
21427	0.16650007733834027	0.7388737563228766	0.09462616633878322
21428	0.21567774352744648	0.6843821917943883	0.09994006467816519
21429	0.30551077280062344	0.6383159455525552	0.05617328164682136
21430	0.08213897643812329	0.40531811461401474	0.512542908947862
21431	0.05387279346990522	0.386285353112295	0.5598418534177997
21432	0.14740734472533545	0.7388577749293779	0.11373488034528666
21433	0.12880082399234555	0.7231186171797734	0.148080558827881
21434	0.045552713261189315	0.37565098769270383	0.578796299046107
21435	0.12360625608988934	0.7111211714495064	0.16527257246060423
21436	0.15054513790431892	0.7361701481775439	0.11328471391813717
21437	0.12485356748635286	0.8052819473845116	0.06986448512913544
21438	0.22652474340057469	0.6850120411367779	0.0884632154626474
21439	0.0770501520679672	0.7808086313112995	0.14214121662073326
21440	0.13393986183442977	0.8242721404041807	0.041787997761389584
21441	0.13455859090964314	0.7397053758787756	0.12573603321158125
21442	0.16773678413642865	0.7439804941080023	0.08828272175556917
21443	0.03804322995299186	0.546425491053424	0.41553127899358433
21444	0.5287413614108926	0.41530695359140396	0.0559516849977035
21445	0.10880826582847332	0.7010944105017431	0.19009732366978352
21446	0.17595668078029644	0.7462989134981969	0.07774440572150655
21447	0.25593773032524275	0.6185293517774592	0.12553291789729798
21448	0.11943842110366377	0.6666080204584731	0.21395355843786298
21449	0.10220020599838697	0.8148400688143895	0.08295972518722348
21450	0.19869207170558642	0.7135632340927037	0.08774469420170987
21451	0.09265418458758645	0.35279086993896974	0.5545549454734439
21452	0.15592240195992305	0.7649237916144811	0.07915380642559589
21453	0.18197041975701966	0.7313672720399417	0.08666230820303868
21454	0.06313468494425643	0.9005645134443035	0.03630080161144013
21455	0.15832218009908183	0.745051604220762	0.09662621568015628
21456	0.10067481645695614	0.7602452076396037	0.13907997590344032
21457	0.16536971856815472	0.8001366779319002	0.034493603499945034
21458	0.06448045164642166	0.5566337931506219	0.3788857552029565
21459	0.1228351196151604	0.8504867670899072	0.026678113294932262
21460	0.2510382889733959	0.6850473060583467	0.06391440496825729
21461	0.12196079035080098	0.80124370796415	0.07679550168504885
21462	0.4704117860039556	0.4856749370885319	0.04391327690751251
21463	0.09193494040155269	0.7238015560117051	0.1842635035867423
21464	0.07257860412833882	0.638890877165728	0.28853051870593327
21465	0.18784575453311958	0.7344150017223231	0.07773924374455736
21466	0.20484321918584203	0.6094374900992341	0.18571929071492402
21467	0.01890212493228243	0.4504779500829204	0.5306199249847973
21468	0.07795137043628457	0.8012564239646319	0.1207922055990835
21469	0.06897066826442218	0.8987915574989215	0.03223777423665635
21470	0.10878976119405158	0.7884992888066761	0.1027109499992724
21471	0.23703247528390461	0.6727375632236953	0.09022996149240015
21472	0.13209028359366612	0.8066144745300887	0.06129524187624514
21473	0.04608214404347649	0.6502200082358139	0.3036978477207097
21474	0.1357476158952555	0.7728016148170789	0.09145076928766556
21475	0.13683893484120943	0.695079481927965	0.16808158323082556
21476	0.1672146263770192	0.6489853454563508	0.18380002816663008
21477	0.040213792320702456	0.46561921531294237	0.4941669923663552
21478	0.1377834353860409	0.7605340901948782	0.10168247441908096
21479	0.07827601092307727	0.6053754676343819	0.31634852144254083
21480	0.1911254971422461	0.7168337359562251	0.09204076690152883
21481	0.19264275672306597	0.7117589993546787	0.09559824392225535
21482	0.32126470155762665	0.6076374948033146	0.07109780363905871
21483	0.142012151125126	0.7278266841148614	0.13016116476001263
21484	0.06939143844719027	0.8941496962207777	0.036458865332031944
21485	0.14599856183893464	0.8013796022145998	0.05262183594646539
21486	0.046655003904283766	0.17674812078570915	0.7765968753100071
21487	0.0714856996172742	0.2190715977226861	0.7094427026600396
21488	0.08911553210612695	0.851040368149007	0.059844099744866014
21489	0.17898735534726962	0.7385117639844817	0.08250088066824873
21490	0.15638539732165882	0.7760391961278458	0.06757540655049561
21491	0.16542966954148686	0.7449073204474761	0.08966301001103709
21492	0.19017022124525104	0.754743965594541	0.05508581316020792
21493	0.13824055819775946	0.7878092888793421	0.07395015292289843
21494	0.2245043321098795	0.6995250921963733	0.07597057569374722
21495	0.11652228261196707	0.7922658107186572	0.09121190666937558
21496	0.0758351720203214	0.8093013822756016	0.11486344570407703
21497	0.08300222312852731	0.8870601261757463	0.029937650695726556
21498	0.3431157207737762	0.5069439066525901	0.14994037257363366
21499	0.06450623874866906	0.8697588232840966	0.06573493796723412
21500	0.23913947192949978	0.5018459306693944	0.2590145974011058
21501	0.05491183265818448	0.43635980090999277	0.5087283664318228
21502	0.08446496520308118	0.8173640353131278	0.09817099948379093
21503	0.17480146484719747	0.7220398077600526	0.10315872739275
21504	0.10157964555416787	0.84670735602313	0.05171299842270217
21505	0.08898093980126005	0.8263568794355481	0.08466218076319172
21506	0.13289268461207568	0.7925485358847991	0.07455877950312528
21507	0.15177295554816264	0.6224069957098459	0.22582004874199135
21508	0.1319175688983025	0.7295846104731843	0.13849782062851324
21509	0.17710973624130447	0.7016136390919554	0.12127662466674027
21510	0.06396969775433481	0.5877193818938535	0.3483109203518116
21511	0.06210639302022086	0.7522233119271916	0.18567029505258767
21512	0.16013501556981224	0.7488191799143591	0.09104580451582862
21513	0.06031096763645155	0.4485082619355542	0.4911807704279943
21514	0.11645888027778205	0.6345786638168391	0.24896245590537872
21515	0.06731561285299	0.7923239958994271	0.1403603912475829
21516	0.11074437121491598	0.6767677467621244	0.21248788202295973
21517	0.17756321206512835	0.776911009149321	0.045525778785550676
21518	0.04413176405578511	0.3907138905628124	0.5651543453814024
21519	0.16446600857215055	0.7582917069198846	0.07724228450796483
21520	0.16075301517952373	0.7776497520616396	0.06159723275883678
21521	0.05378793193510691	0.3840929846734426	0.5621190833914503
21522	0.16663127716384968	0.694013424498526	0.1393552983376245
21523	0.6741993128120293	0.2875434843054106	0.03825720288256016
21524	0.08499176548740489	0.8286750605607814	0.08633317395181368
21525	0.17504117556345397	0.7334220154116281	0.09153680902491801
21526	0.4670191951773927	0.4789358194591113	0.054044985363496056
21527	0.1307613281642248	0.8320578289053612	0.037180842930413904
21528	0.0637869527270817	0.6274682614562387	0.30874478581667963
21529	0.14746829267903847	0.8135816595469624	0.038950047773999234
21530	0.26268096179494876	0.6467703951443532	0.09054864306069803
21531	0.10486816978440394	0.8641328114704582	0.030999018745137802
21532	0.07791253550020136	0.5461336308096285	0.37595383369017016
21533	0.17504117556345397	0.7334220154116281	0.09153680902491801
21534	0.15594957991003414	0.737232293751421	0.10681812633854489
21535	0.061989605671097736	0.6430279387224472	0.29498245560645525
21536	0.16950759057651613	0.7453323095426004	0.0851600998808833
21537	0.05865306199154469	0.8456786378321274	0.09566830017632799
21538	0.0990184907559863	0.833487210244498	0.06749429899951571
21539	0.23964186098783094	0.652426548840542	0.10793159017162716
21540	0.0890181786572574	0.8813804632332873	0.029601358109455456
21541	0.1950868639353968	0.6468834320928604	0.15802970397174274
21542	0.03525914098997244	0.37606097194975163	0.5886798870602759
21543	0.11932619203886353	0.7271962795050069	0.1534775284561296
21544	0.15652226893969445	0.7061834641466488	0.13729426691365695
21545	0.12606244988281426	0.7744539813428877	0.09948356877429798
21546	0.1287118518614682	0.731807678893476	0.13948046924505578
21547	0.07230607710412663	0.38251983524289046	0.5451740876529829
21548	0.11812258633680973	0.7511105288762461	0.1307668847869441
21549	0.6493055843745935	0.30500843368328917	0.04568598194211745
21550	0.06127275941556759	0.7824268156571107	0.15630042492732157
21551	0.15250457548472648	0.724605650719782	0.12288977379549161
21552	0.2697749822264248	0.6484017987612742	0.08182321901230089
21553	0.10443589012771622	0.7171200776883163	0.17844403218396754
21554	0.04152244248559378	0.424175669443507	0.5343018880708993
21555	0.049718819759765796	0.3328537573962054	0.617427422844029
21556	0.16982170787716896	0.6811178717723004	0.1490604203505305
21557	0.1113529756824974	0.5652433505324109	0.32340367378509177
21558	0.19299600024476493	0.7213119223765191	0.085692077378716
21559	0.05850227112557365	0.39854109653422937	0.5429566323401969
21560	0.08209845562343794	0.877876067102843	0.04002547727371892
21561	0.21216023429600495	0.7058042750573094	0.08203549064668574
21562	0.0933694205919738	0.8618821436208682	0.04474843578715799
21563	0.32474128394282753	0.6020843503716561	0.07317436568551648
21564	0.2826156148302476	0.612950852266533	0.10443353290321945
21565	0.20544208036236533	0.7292102212893755	0.06534769834825917
21566	0.2288579319099017	0.6918786822308528	0.07926338585924546
21567	0.1292003522368084	0.7632825193455864	0.10751712841760523
21568	0.14886400323942928	0.7114904018979775	0.13964559486259337
21569	0.11780274164646043	0.6601244087166295	0.22207284963690996
21570	0.18704242125526824	0.6963913583412985	0.11656622040343323
21571	0.09473250630255214	0.6573443966824681	0.2479230970149798
21572	0.15378717725796698	0.7600066413390622	0.08620618140297076
21573	0.24735481699708503	0.6835050443443539	0.0691401386585611
21574	0.11342191376803551	0.6531463941576109	0.23343169207435363
21575	0.1252297745045656	0.7833634647298501	0.09140676076558436
21576	0.07274020089016296	0.8969718183743097	0.030287980735527482
21577	0.16756583846122722	0.7548113762789778	0.07762278525979507
21578	0.045491096969548124	0.4651170937704594	0.4893918092599924
21579	0.033429976543171126	0.8610191758882566	0.10555084756857243
21580	0.09583239424245349	0.8456054324183322	0.058562173339214506
21581	0.17127090571814704	0.597355812537235	0.23137328174461805
21582	0.19822328208938741	0.7215029046629438	0.0802738132476689
21583	0.10738342710542115	0.8080844257889005	0.0845321471056784
21584	0.4255857673936567	0.4333899957592233	0.14102423684711995
21585	0.0516973579052404	0.4056383613323826	0.5426642807623769
21586	0.05633840036822793	0.4505960909083713	0.49306550872340066
21587	0.045512358534908016	0.5562871694709588	0.39820047199413305
21588	0.06298666434197368	0.9108281013195857	0.026185234338440517
21589	0.18213530885994902	0.7083265968584779	0.10953809428157295
21590	0.1543714553851013	0.6841303961679513	0.16149814844694735
21591	0.07092991117066896	0.5023684251165909	0.42670166371274015
21592	0.22698805451506435	0.7210726302939247	0.05193931519101094
21593	0.12604947509501221	0.7842208068143947	0.0897297180905931
21594	0.14036980150227765	0.8071016198106093	0.05252857868711297
21595	0.34327757470265136	0.47182737970711175	0.18489504559023695
21596	0.47731610045156564	0.35303378956300907	0.1696501099854252
21597	0.18896318765733366	0.7260992304791811	0.08493758186348517
21598	0.29041285732486827	0.6348467336275689	0.07474040904756278
21599	0.07120920802011145	0.8958563654745827	0.032934426505305904
21600	0.10296244298172358	0.8171594565811539	0.07987810043712253
21601	0.12055304144841583	0.2922733263525736	0.5871736321990106
21602	0.3340868516685311	0.5683680809020822	0.09754506742938666
21603	0.14986367617902954	0.7389262258198898	0.11121009800108073
21604	0.14717018734131487	0.7495844534296768	0.10324535922900833
21605	0.19260725089401187	0.7549490432512483	0.052443705854739876
21606	0.10433804284506015	0.612761149955049	0.2829008071998908
21607	0.16182383783639695	0.6579134569021309	0.18026270526147223
21608	0.11429973598583959	0.7683182360686643	0.11738202794549624
21609	0.6938726197282871	0.24517820391214026	0.06094917635957276
21610	0.21522338181152886	0.713775074473565	0.07100154371490601
21611	0.27260706711307087	0.642669499984223	0.08472343290270619
21612	0.0488341089405244	0.39048440947738144	0.5606814815820941
21613	0.10069713423221636	0.8197945803047332	0.07950828546305044
21614	0.2618303914897991	0.6551159832031374	0.0830536253070635
21615	0.33738203098146974	0.5590709819759344	0.10354698704259586
21616	0.31352072291639543	0.5929001792736677	0.09357909780993688
21617	0.14409419374315044	0.7280631939188408	0.12784261233800873
21618	0.12491411768146726	0.789148296552797	0.08593758576573585
21619	0.18713146724793225	0.5881234015133945	0.22474513123867337
21620	0.03917680132338245	0.7029143227788327	0.2579088758977849
21621	0.12449976976635489	0.6940571514874349	0.18144307874621032
21622	0.21644037049933826	0.7026962534888662	0.08086337601179558
21623	0.30604749890048116	0.5581574874813322	0.13579501361818655
21624	0.0813307950044032	0.8823561905403686	0.03631301445522802
21625	0.16758627872449963	0.7688990986042303	0.06351462267126995
21626	0.5526174791632946	0.3932694787838867	0.05411304205281864
21627	0.14571053459501007	0.6312454101384934	0.22304405526649648
21628	0.15136697821800654	0.7714817257123988	0.07715129606959459
21629	0.06786911069779737	0.7958578399280457	0.13627304937415685
21630	0.08022478103922931	0.632275505476911	0.28749971348385966
21631	0.1696877834571836	0.7002050701799144	0.1301071463629019
21632	0.07338064772012111	0.6217106551157533	0.30490869716412555
21633	0.19831218461389635	0.4715399806513103	0.3301478347347933
21634	0.31066765664379864	0.598016297687173	0.09131604566902833
21635	0.09553619642663776	0.8454842161602221	0.05897958741314013
21636	0.13281519479482343	0.7256340964999142	0.14155070870526235
21637	0.19955358523037617	0.69400294331896	0.10644347145066381
21638	0.13659003466619712	0.7612989956753883	0.10211096965841475
21639	0.05134353806445791	0.8765556163657197	0.07210084556982241
21640	0.11946674192811613	0.7735440010530503	0.1069892570188335
21641	0.14927641113717002	0.7674568207763421	0.08326676808648774
21642	0.13520065497103437	0.7817725209880574	0.08302682404090822
21643	0.20371769179285262	0.7116896128976377	0.08459269530950984
21644	0.22942026932355475	0.7173004370226641	0.0532792936537812
21645	0.12502657199761028	0.735369966417664	0.1396034615847259
21646	0.2524643295023547	0.5796238144997637	0.1679118559978815
21647	0.14477367839668856	0.7735260234249405	0.08170029817837106
21648	0.17488946571572717	0.6431702449879529	0.18194028929631992
21649	0.22945306091314455	0.6937961779793276	0.07675076110752792
21650	0.10035426883095944	0.5781624688867467	0.3214832622822939
21651	0.18062999050151748	0.7321019245939434	0.08726808490453913
21652	0.18422063227050964	0.7581479991407444	0.05763136858874603
21653	0.09905507874990079	0.7247403872239176	0.17620453402618155
21654	0.16789543015874042	0.7677681707536764	0.06433639908758305
21655	0.06267823629828571	0.8081155838837422	0.12920617981797203
21656	0.17327910621125164	0.7548216136278079	0.07189928016094037
21657	0.03655534923563466	0.4775506824794615	0.48589396828490394
21658	0.07978040308552212	0.5949449436966926	0.3252746532177852
21659	0.19282595474066352	0.6961488156491876	0.11102522961014893
21660	0.1159611415482485	0.7301050859827263	0.15393377246902526
21661	0.09602931424842305	0.5738738350663249	0.330096850685252
21662	0.17504117556345397	0.7334220154116281	0.09153680902491801
21663	0.2913814207576695	0.5960053754426383	0.11261320379969209
21664	0.08918916224559774	0.6811509725573259	0.2296598651970765
21665	0.09923011825295353	0.8326836873285407	0.06808619441850579
21666	0.0972490562640762	0.8550766383876921	0.04767430534823158
21667	0.07184382436261336	0.45017714051422875	0.4779790351231579
21668	0.5892813684506469	0.34408437519452795	0.06663425635482513
21669	0.14149222943066486	0.6734438306989832	0.1850639398703521
21670	0.1647804388245732	0.689140422054046	0.1460791391213806
21671	0.07127611306876455	0.8503950419396742	0.07832884499156116
21672	0.1615649494267043	0.7192037775637231	0.11923127300957248
21673	0.20072275050153254	0.6885968374508863	0.11068041204758115
21674	0.16718270076386857	0.6700472076299588	0.16277009160617253
21675	0.05237631161849493	0.8016627363386531	0.14596095204285178
21676	0.09340459555418658	0.7839074668994052	0.12268793754640826
21677	0.1539891839195375	0.7692569384799421	0.07675387760052028
21678	0.09385763469496482	0.343017265443726	0.5631250998613092
21679	0.06515062046236124	0.7670990452576034	0.1677503342800355
21680	0.13066461323352005	0.7346284375416937	0.13470694922478635
21681	0.18818679237627847	0.7177641081669627	0.09404909945675888
21682	0.14425097697910882	0.5809899911959676	0.27475903182492356
21683	0.1795619592764909	0.6892975468047212	0.13114049391878793
21684	0.3174317939785678	0.6303861702632227	0.052182035758209344
21685	0.2692054491801393	0.6922456627618346	0.03854888805802606
21686	0.17603158882178901	0.7301590403236639	0.09380937085454712
21687	0.22060181631117673	0.6643423130746507	0.11505587061417248
21688	0.1101950101269918	0.3845511926613316	0.5052537972116765
21689	0.25600493850779277	0.6597605110967613	0.08423455039544603
21690	0.2107943249324223	0.6876366161257618	0.10156905894181599
21691	0.12029671170038496	0.8005975016522263	0.0791057866473887
21692	0.12633545877617214	0.6890693065693577	0.18459523465447011
21693	0.039415618659199424	0.38771111533716035	0.5728732660036403
21694	0.14630784187628534	0.7319000870245529	0.12179207109916175
21695	0.36655623657598896	0.5858057964416701	0.04763796698234096
21696	0.07922680327819238	0.8624896044249354	0.05828359229687214
21697	0.17504117556345397	0.7334220154116281	0.09153680902491801
21698	0.12845330561713175	0.8072491044555955	0.06429758992727265
21699	0.1658522841351133	0.7484070951665877	0.08574062069829912
21700	0.19448172984832954	0.5746371041444079	0.2308811660072625
21701	0.2527361329791951	0.7016658488078802	0.04559801821292469
21702	0.16428269857207056	0.5975777815328714	0.2381395198950582
21703	0.10905633256540855	0.6799391159082039	0.21100455152638764
21704	0.09896053870846787	0.7637700732804515	0.1372693880110806
21705	0.09972082045248488	0.6011352290344909	0.29914395051302417
21706	0.22080325843597817	0.690481006608629	0.08871573495539288
21707	0.16920850789714068	0.7490978065195071	0.08169368558335238
21708	0.05973150868329178	0.5023527116116351	0.43791577970507306
21709	0.04212416518940477	0.5374215782525021	0.42045425655809304
21710	0.08967927329474408	0.6530037389214697	0.25731698778378637
21711	0.2775225321345401	0.6455268031108577	0.07695066475460198
21712	0.24056235490820246	0.6824782138049562	0.07695943128684135
21713	0.19851024969546427	0.722271440483071	0.07921830982146455
21714	0.1183683467936764	0.7642929949210489	0.1173386582852748
21715	0.14066595622955788	0.7383994433483059	0.12093460042213638
21716	0.1436884314245446	0.7168241463504156	0.13948742222503985
21717	0.2138757915228767	0.7142105243803707	0.07191368409675263
21718	0.11807696453998305	0.5969156929498985	0.28500734251011856
21719	0.0772653259559934	0.34747098990913067	0.5752636841348759
21720	0.07373629151262572	0.6835960459225922	0.24266766256478212
21721	0.13516644699005279	0.7492688962916815	0.1155646567182657
21722	0.051448936110302046	0.7780370525329751	0.1705140113567228
21723	0.1424144829139078	0.7615127917809102	0.09607272530518207
21724	0.15219307349595265	0.7683194247315533	0.07948750177249406
21725	0.08547994445919639	0.3127137300671781	0.6018063254736254
21726	0.26140870654866183	0.6275425578202728	0.11104873563106539
21727	0.2321345124977514	0.5839285825535756	0.18393690494867299
21728	0.12056577390460856	0.750236656549987	0.12919756954540446
21729	0.10371888630458044	0.7628778631752763	0.13340325052014335
21730	0.0505543739413411	0.6497450525044692	0.2997005735541897
21731	0.14277827396820306	0.7531220197991727	0.10409970623262432
21732	0.07045299059924175	0.8831856139558019	0.04636139544495633
21733	0.17114255822994048	0.7162331797969536	0.11262426197310593
21734	0.17291226805615115	0.7205194872896841	0.10656824465416483
21735	0.2587634785144117	0.6874252722460562	0.053811249239532156
21736	0.0708157313824623	0.2717542009021431	0.6574300677153947
21737	0.048532955433865856	0.27162169415112775	0.6798453504150065
21738	0.07120920802011145	0.8958563654745827	0.032934426505305904
21739	0.2012181010278368	0.6906863878830326	0.10809551108913051
21740	0.16410500403109843	0.5763517987835108	0.25954319718539093
21741	0.1348065496139407	0.8144281023681637	0.05076534801789564
21742	0.2342365857297782	0.4030193806781626	0.36274403359205926
21743	0.0965657589243435	0.8346091483569776	0.06882509271867888
21744	0.21615456341744008	0.6617248584012888	0.12212057818127105
21745	0.16205116932594382	0.7648563745033509	0.07309245617070541
21746	0.16510749311869038	0.7572254404422413	0.07766706643906847
21747	0.133134599962184	0.668554957142781	0.19831044289503486
21748	0.04888194474951619	0.6058329143216485	0.34528514092883533
21749	0.13888087014979583	0.7379669671595392	0.12315216269066485
21750	0.22324857170287818	0.5617191665503657	0.21503226174675602
21751	0.15225284924936122	0.7615218837750022	0.08622526697563664
21752	0.0620197149682096	0.8945719040151211	0.04340838101666931
21753	0.16287036233608793	0.7518425991383104	0.08528703852560177
21754	0.4834780893728106	0.46791731137439824	0.048604599252791
21755	0.07738900552646286	0.7194327815707423	0.2031782129027948
21756	0.08838887272107344	0.8573940183646647	0.05421710891426177
21757	0.19207201538458316	0.6936395946929927	0.11428838992242411
21758	0.22096810274818238	0.6583684272654704	0.12066346998634725
21759	0.09225122794006203	0.7216413539705142	0.18610741808942377
21760	0.07121353978105892	0.900302227369551	0.028484232849390084
21761	0.11963024342898303	0.8457861835502868	0.03458357302073016
21762	0.10253930649969199	0.7668862132279899	0.13057448027231816
21763	0.0787503249042761	0.3703333114517247	0.5509163636439993
21764	0.2354902794827373	0.6701025217379123	0.09440719877935023
21765	0.09252031238909215	0.826780026514252	0.0806996610966559
21766	0.3204305581354762	0.5946727249886906	0.08489671687583307
21767	0.17816298087491936	0.7550448509060894	0.06679216821899132
21768	0.11736693603363595	0.8106761731078267	0.0719568908585374
21769	0.1720831694380592	0.7644704281118392	0.06344640245010169
21770	0.1377306203675941	0.691851151240637	0.17041822839176893
21771	0.13565489832116742	0.8122612731725329	0.05208382850629963
21772	0.04050505149243675	0.5170387149164658	0.44245623359109737
21773	0.14810791937581644	0.6292417695373901	0.22265031108679337
21774	0.13756570233237905	0.8377784090253241	0.02465588864229687
21775	0.26988929553861785	0.662163975774769	0.06794672868661324
21776	0.1365299636967426	0.7219172160683164	0.1415528202349411
21777	0.1322926167377372	0.8036895896218468	0.06401779364041603
21778	0.14479888394077164	0.7832558026853148	0.0719453133739135
21779	0.2780745156585212	0.6228239150396301	0.0991015693018487
21780	0.13820981583256847	0.7619696654058021	0.09982051876162952
21781	0.0934221609976969	0.7347517698740388	0.1718260691282644
21782	0.3237220476688456	0.6265983489762091	0.0496796033549452
21783	0.19426127890570188	0.7451074186633316	0.060631302430966316
21784	0.11366927780640572	0.8219873846798281	0.06434333751376621
21785	0.15613826202927128	0.7527809998359176	0.09108073813481116
21786	0.1369797028188849	0.721467492751386	0.14155280442972926
21787	0.09619458504249624	0.7609547520099375	0.14285066294756632
21788	0.04428265378655596	0.7093692653329415	0.24634808088050256
21789	0.1689223389308526	0.7547715057635305	0.07630615530561707
21790	0.0551528641700316	0.4039939632707699	0.5408531725591984
21791	0.07511472731125148	0.8317781268758376	0.093107145812911
21792	0.17015902479815911	0.7788472707202952	0.05099370448154567
21793	0.07120920802011145	0.8958563654745827	0.032934426505305904
21794	0.13026915702282624	0.7860511798898476	0.08367966308732606
21795	0.423810153112647	0.5018128575786779	0.07437698930867502
21796	0.2247460908675488	0.3780362714175906	0.3972176377148606
21797	0.2662897197339669	0.656280847114848	0.07742943315118501
21798	0.5940437237384338	0.35727004793762696	0.048686228323939325
21799	0.04283529944020816	0.7578741869180381	0.19929051364175368
21800	0.07399911566113422	0.7924015755532255	0.13359930878564005
21801	0.44706867807754636	0.4609863031492109	0.09194501877324285
21802	0.13577541646621502	0.7639052829876967	0.10031930054608833
21803	0.20067967194687197	0.7164239955264932	0.08289633252663486
21804	0.13639464315035466	0.7687874440271866	0.09481791282245873
21805	0.0661252893354179	0.8003788387287974	0.1334958719357847
21806	0.09194798897896324	0.8847055617994014	0.023346449221635396
21807	0.14744046549114423	0.6874897340849252	0.16506980042393038
21808	0.17624966891663088	0.7113481791981724	0.11240215188519677
21809	0.13848948465915623	0.7195729151871223	0.14193760015372145
21810	0.1645719127988032	0.7430229255197881	0.09240516168140873
21811	0.2576907176541043	0.6229843380335929	0.1193249443123028
21812	0.3896042192020255	0.5687511460741278	0.0416446347238466
21813	0.24572939925192902	0.6118096689480849	0.1424609317999862
21814	0.13708680291936107	0.7662674018276664	0.09664579525297246
21815	0.06169172609479184	0.6340137758715084	0.30429449803369985
21816	0.15790797771618478	0.6385288801787824	0.20356314210503287
21817	0.17939967839640045	0.7478456824175566	0.07275463918604295
21818	0.25975989309624054	0.6680765548798795	0.07216355202387992
21819	0.21216146719534515	0.726756680376678	0.06108185242797698
21820	0.10305616834036324	0.862228139623971	0.03471569203566576
21821	0.22232031949984318	0.6869673499836496	0.09071233051650718
21822	0.20304989017242472	0.7173930875394987	0.07955702228807675
21823	0.07088938868236468	0.7657233324009546	0.16338727891668084
21824	0.1712254913113669	0.7177774759225821	0.11099703276605095
21825	0.1859546947200618	0.7122641385880147	0.10178116669192343
21826	0.18042548679756454	0.7743502700560437	0.04522424314639173
21827	0.29429360029447166	0.6426339648330307	0.06307243487249767
21828	0.07712154881454791	0.9066154063256101	0.01626304485984197
21829	0.11336724405434052	0.7833349714364076	0.10329778450925185
21830	0.0835997386885771	0.8653641427423278	0.051036118569095325
21831	0.3027046962593755	0.5584408618856194	0.13885444185500515
21832	0.1705734798425809	0.7692820898691445	0.06014443028827469
21833	0.5027055452442192	0.46014766403220914	0.03714679072357163
21834	0.11002715287624787	0.6868942224411292	0.20307862468262314
21835	0.18880679545123977	0.6737902106176209	0.1374029939311394
21836	0.2772050176483682	0.6650124096008362	0.05778257275079557
21837	0.07652197625926406	0.37036284104693284	0.5531151826938032
21838	0.21262404023334894	0.6738491394274835	0.1135268203391675
21839	0.07833790733491906	0.3513816721107666	0.5702804205543143
21840	0.1401830631183161	0.765922372748522	0.09389456413316195
21841	0.06278893995673192	0.8467929977058221	0.09041806233744594
21842	0.0904561706640556	0.683221269734764	0.22632255960118028
21843	0.15267192855495906	0.739846066980273	0.1074820044647679
21844	0.07120920802011145	0.8958563654745827	0.032934426505305904
21845	0.11645837799141401	0.7791962411987491	0.10434538080983702
21846	0.2718480436673348	0.6262653293824285	0.10188662695023665
21847	0.2682769350886663	0.6111900546281376	0.12053301028319612
21848	0.06607515369293898	0.8434936226174014	0.09043122368965957
21849	0.07302206317119621	0.5071166149897595	0.41986132183904434
21850	0.21432395483716662	0.7214548843156608	0.06422116084717237
21851	0.09118510587760838	0.8689516687432572	0.03986322537913454
21852	0.08562972520833091	0.8063342282194582	0.10803604657221072
21853	0.11513094959130961	0.7982865124111228	0.08658253799756754
21854	0.1684389608546886	0.5600360600489638	0.2715249790963477
21855	0.22419066505971075	0.6933605013052756	0.08244883363501376
21856	0.27992127132667366	0.6186709378575779	0.10140779081574851
21857	0.04519325001224153	0.43750165233466437	0.5173050976530941
21858	0.09828780947646287	0.7159811688006285	0.18573102172290867
21859	0.15270891589325145	0.7731910466584658	0.07410003744828288
21860	0.1103923864357077	0.5442423369330748	0.3453652766312176
21861	0.26588567451011763	0.6132000683845673	0.1209142571053151
21862	0.12306160065831993	0.34032408235149897	0.5366143169901813
21863	0.28699918925212886	0.61005003906087	0.10295077168700134
21864	0.07339282315066893	0.41215145706522954	0.5144557197841015
21865	0.04332927080958609	0.4943063650856234	0.4623643641047905
21866	0.37747731793294115	0.566717465283003	0.055805216784055735
21867	0.0670811001502858	0.7590903061994888	0.17382859365022538
21868	0.1552604805691921	0.7794906110711667	0.06524890835964127
21869	0.12238115398351283	0.8178566850468828	0.059762160969604246
21870	0.11779995501531138	0.8270285937526856	0.05517145123200304
21871	0.1894164183877761	0.5961531049308763	0.21443047668134785
21872	0.08112354795411181	0.8704473015213908	0.0484291505244974
21873	0.187328190378341	0.6944331827845428	0.11823862683711606
21874	0.15942570314837132	0.7596236339109418	0.08095066294068691
21875	0.2858346849861383	0.5982637764139558	0.11590153859990594
