40860	0.1675007432289389	0.4587616462068091	0.3737376105642521
40861	0.35950122121859	0.4537633836013675	0.18673539518004248
40862	0.24885962710234533	0.6442214019233954	0.10691897097425933
40863	0.28464403017909795	0.6115319254632713	0.10382404435763082
40864	0.08183268336887674	0.35225154207043596	0.5659157745606873
40865	0.17694188810883024	0.6668759655654338	0.1561821463257359
40866	0.19873600864475793	0.7008237772888469	0.10044021406639504
40867	0.1262671946228193	0.27060417848231827	0.6031286268948625
40868	0.4044560775088071	0.5033678011000781	0.09217612139111486
40869	0.08874613358778945	0.6807516750500334	0.2305021913621772
40870	0.2984434937188009	0.5781742170108736	0.12338228927032562
40871	0.3263730462905206	0.5761797946801018	0.09744715902937763
40872	0.11258169408683459	0.5177848221034199	0.3696334838097453
40873	0.29334985911458417	0.6004801826515117	0.10616995823390411
40874	0.6972675171088515	0.21017503712523725	0.09255744576591117
40875	0.3604556098935226	0.542086115138008	0.09745827496846937
40876	0.07253182857163093	0.46132440598648783	0.4661437654418812
40877	0.22312721417010942	0.6445425907230199	0.1323301951068707
40878	0.37595579945911045	0.507964804838891	0.11607939570199859
40879	0.30152635573110537	0.6217998894217676	0.07667375484712712
40880	0.14793186606512462	0.6358461541489159	0.21622197978595945
40881	0.31848294561909923	0.6151508808797476	0.06636617350115319
40882	0.07031210958067816	0.34385188267177114	0.5858360077475507
40883	0.14414812040398817	0.7644526807956574	0.09139919880035446
40884	0.42092003053185384	0.40254887413925955	0.17653109532888664
40885	0.39523423847225375	0.30832500412007136	0.2964407574076749
40886	0.28074972332812204	0.43148983646010675	0.2877604402117713
40887	0.3472511159360097	0.6001894144513761	0.052559469612614346
40888	0.1915211604346212	0.7773472863215378	0.031131553243840898
40889	0.27140773926788747	0.6808550723238945	0.047737188408218084
40890	0.11969586331583626	0.6602528712603642	0.22005126542379957
40891	0.22662223519179558	0.6352874082974189	0.13809035651078552
40892	0.3058419092539673	0.6584602222673858	0.03569786847864701
40893	0.13259787123768962	0.5681958922681621	0.2992062364941483
40894	0.3256457565774242	0.5356303533850848	0.13872389003749097
40895	0.22116831945768764	0.5587490186139633	0.22008266192834916
40896	0.414172645228924	0.5114838252922712	0.07434352947880482
40897	0.3361778394477548	0.6394959418217693	0.024326218730475958
40898	0.29271188465576786	0.6331245085880874	0.07416360675614464
40899	0.29740382276443705	0.6281299806502699	0.07446619658529309
40900	0.09609771547089012	0.7112072327351502	0.19269505179395963
40901	0.2261242303103995	0.7109339162936176	0.062941853395983
40902	0.08471291570597501	0.7027004132497918	0.21258667104423315
40903	0.3841592517323866	0.5997773153451851	0.016063432922428424
40904	0.22812771662781253	0.7006098555309587	0.07126242784122883
40905	0.2981840237703069	0.6031494583927843	0.09866651783690877
40906	0.24998755232394596	0.6407201248628703	0.10929232281318373
40907	0.16082335879051649	0.4782819747675453	0.3608946664419383
40908	0.22534243216594774	0.6937660891019236	0.08089147873212867
40909	0.30197150452840443	0.3547267046688196	0.34330179080277595
40910	0.1639817055050576	0.5765040957587114	0.25951419873623094
40911	0.38383066928634935	0.47005679221647984	0.1461125384971708
40912	0.23794347978451666	0.5865041116185564	0.17555240859692697
40913	0.14414812040398817	0.7644526807956574	0.09139919880035446
40914	0.14535809262407504	0.5811944575973959	0.2734474497785292
40915	0.3370867659892063	0.4259149355648472	0.23699829844594653
40916	0.2750452496248615	0.707553962223384	0.01740078815175455
40917	0.16845943367143354	0.6511555699163476	0.18038499641221892
40918	0.4035238008190949	0.5286092737538245	0.06786692542708077
40919	0.2390229570165744	0.6890495973078833	0.07192744567554234
40920	0.22431390728378897	0.6558360886683343	0.11985000404787677
40921	0.3083777775744548	0.5927921706046512	0.09883005182089404
40922	0.1904633478862747	0.5222860833657528	0.28725056874797256
40923	0.16147425551314598	0.5059673643724396	0.33255838011441435
40924	0.14148329586129957	0.7274608220431246	0.13105588209557587
40925	0.17849858517459236	0.5216748798278911	0.2998265349975165
40926	0.17899043824750308	0.3366324453170095	0.4843771164354873
40927	0.17827128401074957	0.3547415540653604	0.46698716192389006
40928	0.2388161576820742	0.7107158047545363	0.050468037563389447
40929	0.1848471209119621	0.7671221697055935	0.04803070938244433
40930	0.2725926885497762	0.681139480465002	0.04626783098522195
40931	0.28670712053467023	0.5925146833067725	0.12077819615855735
40932	0.33328237396921956	0.6214831533955599	0.0452344726352204
40933	0.10938946014504758	0.23848294988889798	0.6521275899660545
40934	0.23663448982418114	0.6260802236689876	0.13728528650683122
40935	0.41569250804172286	0.4719087019447432	0.11239879001353399
40936	0.23670499527867517	0.48427783433585675	0.2790171703854681
40937	0.24546549187510933	0.4229458095194721	0.3315886986054187
40938	0.1904633478862747	0.5222860833657528	0.28725056874797256
40939	0.30406055599888643	0.5097933139463748	0.18614613005473876
40940	0.1225684233509474	0.501093621303998	0.37633795534505454
40941	0.30032597695587465	0.48589365520709316	0.21378036783703222
40942	0.22259931667715338	0.721671316194643	0.055729367128203706
40943	0.2751959588891926	0.6288674710460944	0.09593657006471294
40944	0.16715739559502493	0.37737428770795156	0.4554683166970235
40945	0.2568341857694895	0.6705565610439329	0.07260925318657767
40946	0.29583763807352637	0.6416295783262465	0.06253278360022715
40947	0.3781231339402697	0.45622990283182735	0.16564696322790293
40948	0.41463078697504446	0.494971785318614	0.09039742770634152
40949	0.09704714916266594	0.6765189819228951	0.22643386891443906
40950	0.22869809289031715	0.7142407110856034	0.05706119602407955
40951	0.5155119499947772	0.30172775889050013	0.1827602911147225
40952	0.3638639148812321	0.4524468051110572	0.1836892800077107
40953	0.19855585754201135	0.7623429553096749	0.03910118714831373
40954	0.2070040461549297	0.6969747638686158	0.09602118997645455
40955	0.19109067183557493	0.48244292392778093	0.32646640423664425
40956	0.22259661398456457	0.35663640325811263	0.4207669827573228
40957	0.12225644814478252	0.5682789695479697	0.30946458230724777
40958	0.10499803783186545	0.678300203613215	0.2167017585549195
40959	0.2391504926732627	0.6850414702599269	0.0758080370668104
40960	0.2610283934538212	0.6617876937106949	0.07718391283548408
40961	0.07849402420233767	0.4568511888517295	0.4646547869459328
40962	0.13345056526076926	0.6282145425937878	0.23833489214544287
40963	0.34333238754637524	0.5952076830720364	0.061459929381588375
40964	0.15782920563383473	0.7809832992355804	0.06118749513058491
40965	0.29664731856878956	0.5911478857009984	0.11220479573021207
40966	0.27765554374531093	0.6650007438820117	0.057343712372677276
40967	0.10829678296449319	0.625223159594655	0.2664800574408516
40968	0.25664997955952934	0.6968467790967058	0.04650324134376473
40969	0.31068268847595243	0.6397212333076608	0.049596078216386806
40970	0.2776841651436394	0.5138954488318297	0.20842038602453092
40971	0.2083306825798051	0.7521308749775715	0.039538442442623445
40972	0.17504108986517053	0.6113811788969512	0.21357773123787818
40973	0.15636048187721666	0.41425111385901675	0.42938840426376657
40974	0.15384546147711667	0.6052865257122072	0.24086801281067616
40975	0.35367344971850545	0.545355306630242	0.1009712436512526
40976	0.15136701777733974	0.5875457762024605	0.2610872060201997
40977	0.27036798184115657	0.47942912859435366	0.25020288956448977
40978	0.17517474214659975	0.6612469466478234	0.1635783112055769
40979	0.19863253022768693	0.2792778437914945	0.5220896259808185
40980	0.29669049293360045	0.548317000506298	0.15499250656010163
40981	0.22763573882250154	0.6852093665845751	0.08715489459292336
40982	0.0732922429372705	0.7476312627851923	0.17907649427753713
40983	0.2814935956691315	0.5673531725805798	0.1511532317502887
40984	0.1832989778940802	0.49250809672459317	0.32419292538132666
40985	0.35804446625321723	0.43562649469168147	0.20632903905510128
40986	0.25152481244966474	0.47618809364105724	0.2722870939092779
40987	0.2681927813664317	0.6212635851756264	0.11054363345794198
40988	0.08646260827985297	0.49380584415376555	0.4197315475663816
40989	0.1938949310640191	0.7258918661727153	0.08021320276326561
40990	0.1674672861133779	0.5081644876561965	0.32436822623042555
40991	0.05236856032187311	0.6749819783049801	0.2726494613731468
40992	0.32716797304570483	0.563824200392104	0.10900782656219125
40993	0.27196421025877443	0.5283779882650652	0.1996578014761604
40994	0.05544323317888324	0.16586871633781516	0.7786880504833015
40995	0.2579588989634229	0.6346463211203232	0.10739477991625405
40996	0.23437767523933903	0.4637453592129244	0.3018769655477365
40997	0.4575546671108004	0.47769520090862155	0.0647501319805781
40998	0.4081124031215471	0.49022901570631094	0.10165858117214194
40999	0.14745695474681433	0.6099321696647892	0.24261087558839642
41000	0.13842540382783808	0.566499660714424	0.2950749354577378
41001	0.32991197637361935	0.5761187406207892	0.09396928300559149
41002	0.29551155635904536	0.40510774522945825	0.29938069841149634
41003	0.21717441673327675	0.7093605455075864	0.07346503775913675
41004	0.17352060565681482	0.4225908066190547	0.4038885877241305
41005	0.14108042731555448	0.7717145352459633	0.08720503743848203
41006	0.3937306473887208	0.45334588563074957	0.15292346698052958
41007	0.29519606082695615	0.63319348626939	0.07161045290365382
41008	0.28109342191420633	0.5462846045635689	0.17262197352222483
41009	0.16981183982969275	0.5104895572209809	0.31969860294932645
41010	0.3263488612848577	0.47583107284874476	0.19782006586639758
41011	0.17902275950807453	0.739921344005031	0.08105589648689449
41012	0.3882058332748411	0.4630617800756159	0.148732386649543
41013	0.24801174171267384	0.5055706002492314	0.2464176580380948
41014	0.18957019907619418	0.5762336059713982	0.23419619495240762
41015	0.31813136562037886	0.5103182273595351	0.17155040702008592
41016	0.4301436802464842	0.48795681323293555	0.08189950652058033
41017	0.354593590854368	0.4982583277903603	0.14714808135527177
41018	0.34123535064358346	0.5331839590285327	0.12558069032788388
41019	0.14612357184394428	0.6134280571518816	0.24044837100417418
41020	0.37925548679717513	0.4914194507389274	0.12932506246389744
41021	0.053002562974431615	0.5770517723885572	0.36994566463701123
41022	0.3120089074577177	0.5617869694445435	0.1262041230977388
41023	0.12219727978700723	0.26756168012137005	0.6102410400916227
41024	0.07009436778144817	0.31963112484504935	0.6102745073735024
41025	0.363815391189239	0.47328589342418814	0.1628987153865728
41026	0.20883805975973505	0.6967567221459202	0.09440521809434477
41027	0.13414939441210402	0.5178900191581978	0.3479605864296982
41028	0.13854807358613475	0.4914815116751299	0.36997041473873526
41029	0.18097128358541203	0.5532730584866383	0.26575565792794964
41030	0.2664822847640238	0.6502393417537778	0.08327837348219831
41031	0.13531920235135791	0.5054571218803598	0.3592236757682821
41032	0.19109067183557493	0.48244292392778093	0.32646640423664425
41033	0.15234889230992546	0.5193624036252384	0.32828870406483607
41034	0.22744644196219496	0.6006764516768189	0.17187710636098616
41035	0.28288857392227534	0.6438639362464692	0.07324748983125545
41036	0.19019457532070838	0.6445593196323859	0.1652461050469057
41037	0.2944732951850711	0.5401295061247435	0.1653971986901853
41038	0.09433629140984146	0.7774895707197759	0.12817413787038276
41039	0.3479112008362652	0.5426013980334364	0.10948740113029841
41040	0.2316478606005438	0.5229820218277742	0.2453701175716819
41041	0.11282038979925672	0.3336792941246594	0.553500316076084
41042	0.11669259224674107	0.6811144233492593	0.20219298440399958
41043	0.12586859468207842	0.6775709662636391	0.19656043905428253
41044	0.35203499124182236	0.579913707677738	0.06805130108043973
41045	0.3123868565806938	0.5522717458932336	0.13534139752607263
41046	0.16050152886774566	0.6365447047524112	0.2029537663798431
41047	0.2857857726457667	0.6737521795770126	0.04046204777722081
41048	0.47739112410261697	0.41682786958427637	0.10578100631310679
41049	0.3376458928162542	0.5246800183339652	0.1376740888497807
41050	0.14321628279709617	0.6420526859038523	0.21473103129905155
41051	0.2674695070183122	0.654609202313239	0.07792129066844881
41052	0.2269903941821633	0.7164376100352139	0.05657199578262282
41053	0.29671509829777226	0.6267441602923932	0.07654074140983455
41054	0.245820997088095	0.6858789894197903	0.06830001349211473
41055	0.3145203290018046	0.47542044395176397	0.21005922704643143
41056	0.1447659061221643	0.6237176412369604	0.23151645264087536
41057	0.1599880152697963	0.5548468275350544	0.2851651571951493
41058	0.26210039119117995	0.6133161257153635	0.12458348309345642
41059	0.32529121562061936	0.5490838011657562	0.1256249832136245
41060	0.3083380988170298	0.5975836344435048	0.09407826673946539
41061	0.11884057962764176	0.5159570090745152	0.3652024112978429
41062	0.1649534597737952	0.5363717873271279	0.2986747528990768
41063	0.39288296106610604	0.478603382077297	0.1285136568565969
41064	0.2892989774734777	0.6323720421136452	0.0783289804128771
41065	0.17217414236732606	0.5452147706335518	0.28261108699912213
41066	0.13810461090175383	0.69241615266625	0.16947923643199614
41067	0.13935900219138278	0.633438034156555	0.2272029636520622
41068	0.3347338812401699	0.5846318583976639	0.08063426036216631
41069	0.29915835881835084	0.6056742402658405	0.09516740091580872
41070	0.15493491296175296	0.5471797207257331	0.29788536631251405
41071	0.37925548679717513	0.4914194507389274	0.12932506246389744
41072	0.33704599004596325	0.5946958731008337	0.06825813685320299
41073	0.16212724451634328	0.39368602577507783	0.44418672970857886
41074	0.16475889307374367	0.7728931586290689	0.06234794829718737
41075	0.4431016483816022	0.5054991711098948	0.05139918050850289
41076	0.40214289233755734	0.44383854647234405	0.1540185611900986
41077	0.2845508968987013	0.6853213501067015	0.030127752994597228
41078	0.2056634909460688	0.39029834596956486	0.40403816308436635
41079	0.34733955836179115	0.5330843138372372	0.11957612780097153
41080	0.15552178869062683	0.7640887337325287	0.08038947757684435
41081	0.25721201058275683	0.46054616726782394	0.2822418221494192
41082	0.4294948123707951	0.47056388706930247	0.0999413005599024
41083	0.16699126451746737	0.6945037357488159	0.13850499973371674
41084	0.32504969683138635	0.5634060121999469	0.11154429096866676
41085	0.22249171249774688	0.5577653452721333	0.21974294223011992
41086	0.28977028605305616	0.6444673235001322	0.06576239044681154
41087	0.1280919940111949	0.3329772974435015	0.5389307085453037
41088	0.10727716285083992	0.6565449171040857	0.23617792004507435
41089	0.30589067383275376	0.5669395638805298	0.12716976228671648
41090	0.17783924519437552	0.7787020263165848	0.04345872848903969
41091	0.15291630842693127	0.6154919946703648	0.23159169690270398
41092	0.16170822518906044	0.35086520563046975	0.48742656918046984
41093	0.2540865008981082	0.4679919771810241	0.2779215219208677
41094	0.3377459531577563	0.46507957352592316	0.19717447331632051
41095	0.20846681205227777	0.5434892174084002	0.24804397053932212
41096	0.11669487894088171	0.6643830465264581	0.21892207453266024
41097	0.3769578031374176	0.5586214717116789	0.0644207251509036
41098	0.23759901657793772	0.6842945092715321	0.07810647415053014
41099	0.2180503002301739	0.6104945051500259	0.1714551946198002
41100	0.19109067183557493	0.48244292392778093	0.32646640423664425
41101	0.12741107257368153	0.3507064845566676	0.5218824428696508
41102	0.0969347332994402	0.755791031272066	0.14727423542849385
41103	0.26803413981052154	0.5365300391769742	0.1954358210125043
41104	0.3645668737453989	0.5839952793373473	0.05143784691725376
41105	0.2633055340687482	0.6284543081803418	0.10824015775091016
41106	0.37516972725213066	0.5178975367288271	0.1069327360190423
41107	0.2699885581928189	0.5317305918771081	0.19828084993007292
41108	0.08067331550197022	0.5487356423740579	0.3705910421239719
41109	0.162900420184623	0.8154608573689804	0.02163872244639653
41110	0.2820781940211516	0.6547557315515339	0.06316607442731449
41111	0.288901874342614	0.5048957412075485	0.20620238444983743
41112	0.3416072994381621	0.5980648860126738	0.060327814549164
41113	0.2304796632730369	0.7040202379632884	0.06550009876367485
41114	0.35084980713544267	0.5491117522022099	0.10003844066234742
41115	0.48147975824431427	0.3907816539485774	0.1277385878071083
41116	0.1533982933063537	0.7292878802004069	0.11731382649323946
41117	0.15386526961831815	0.2832213838615079	0.5629133465201739
41118	0.3002331562023607	0.5758898213847271	0.12387702241291221
41119	0.21620345110334402	0.518361428439636	0.26543512045701995
41120	0.3502279436602407	0.4963982439596271	0.15337381238013223
41121	0.10936663522121388	0.5673723968488117	0.32326096792997444
41122	0.30967672443953237	0.5131799951334608	0.17714328042700686
41123	0.10132576855054258	0.44286939468010766	0.45580483676934985
41124	0.2041550418277962	0.470970784180001	0.32487417399220275
41125	0.18342974906083884	0.70608650538734	0.11048374555182117
41126	0.1796355294971057	0.48489282531535216	0.33547164518754213
41127	0.3929727147109887	0.44937289332684954	0.15765439196216172
41128	0.4770629918628854	0.4334698993554725	0.0894671087816421
41129	0.18534083609139143	0.7676976101670526	0.04696155374155584
41130	0.08480204963493364	0.5247784123079884	0.3904195380570779
41131	0.3692800719362559	0.5701413849578622	0.06057854310588182
41132	0.16395487357838265	0.5978829495139046	0.23816217690771277
41133	0.19560299263175596	0.7687935950753365	0.03560341229290754
41134	0.3027225081480978	0.41240081721093086	0.28487667464097133
41135	0.2776841651436394	0.5138954488318297	0.20842038602453092
41136	0.2626983496793323	0.6214531404912133	0.11584850982945448
41137	0.3260884717257489	0.5273335890558091	0.14657793921844206
41138	0.3308063397179635	0.4369601380058432	0.23223352227619332
41139	0.2776841651436394	0.5138954488318297	0.20842038602453092
41140	0.3671276125065985	0.5144759807269298	0.11839640676647183
41141	0.1415836197054215	0.5070927399687787	0.35132364032579977
41142	0.3842360808824062	0.44509103043674175	0.17067288868085206
41143	0.11081592555503199	0.7405563557356549	0.14862771870931313
41144	0.30615402271539555	0.6728857785463763	0.020960198738228037
41145	0.2576666203453806	0.5541871157801487	0.18814626387447064
41146	0.26592893108263765	0.6414059661414933	0.092665102775869
41147	0.3062271548288708	0.517668222061899	0.17610462310923033
41148	0.2722779774328568	0.4608121360145591	0.266909886552584
41149	0.30639220073806267	0.577431529514237	0.11617626974770023
41150	0.2567382939029904	0.6921835158895978	0.0510781902074117
41151	0.22525874039891589	0.4792751818501027	0.2954660777509814
41152	0.08432353498048867	0.4779930036582698	0.43768346136124153
41153	0.19407995748401596	0.3862266620059174	0.4196933805100666
41154	0.3665115457027306	0.5955502126475282	0.03793824164974117
41155	0.1467552014377965	0.4799728783912432	0.3732719201709603
41156	0.07286061741098267	0.24528169022537805	0.6818576923636392
41157	0.19611579363173928	0.6776502384687992	0.1262339678994614
41158	0.23685756395554225	0.5733849330856869	0.18975750295877067
41159	0.2737783543473718	0.49044360484895816	0.23577804080367007
41160	0.39940446459735307	0.4111105854323071	0.1894849499703399
41161	0.18395363642943632	0.4534651973009007	0.36258116626966314
41162	0.29024585551415333	0.5768085201196876	0.13294562436615906
41163	0.1316818712732735	0.617170887830801	0.25114724089592555
41164	0.28331931837363583	0.6110365073978719	0.10564417422849226
41165	0.1491562337704346	0.4958963695413236	0.35494739668824177
41166	0.356419483777541	0.4565406575389963	0.18703985868346262
41167	0.3935305374203753	0.5013629270067782	0.1051065355728465
41168	0.4048533487685624	0.5146722017441777	0.08047444948725997
41169	0.34321549780098093	0.5911050689021616	0.06567943329685745
41170	0.4038141830699055	0.4475926815292028	0.1485931354008917
41171	0.21203350078955688	0.5618048612041645	0.22616163800627861
41172	0.1320500921982255	0.639647254538731	0.22830265326304353
41173	0.6450626201911517	0.3114315833136238	0.04350579649522444
41174	0.17738894822126983	0.5108532183429829	0.31175783343574714
41175	0.3945085914739516	0.5482249423357598	0.05726646619028849
41176	0.18578341250294936	0.6421461504880498	0.17207043700900085
41177	0.17009230785323848	0.48762387088183184	0.3422838212649298
41178	0.24765733204710838	0.6739666200357476	0.0783760479171441
41179	0.16352885754431346	0.3727438238718727	0.4637273185838138
41180	0.3670594236261026	0.5551814280841133	0.07775914828978413
41181	0.10372959744037018	0.6488548353598168	0.24741556719981303
41182	0.24101660045545192	0.6659329635304468	0.09305043601410119
41183	0.11526158364542649	0.48162347287420565	0.40311494348036786
41184	0.11420290077139876	0.766788267885488	0.1190088313431132
41185	0.42476509395724243	0.49430725382449453	0.08092765221826309
41186	0.7035822785627452	0.2590026129021035	0.0374151085351512
41187	0.1414679898385119	0.23488908787899665	0.6236429222824915
41188	0.2877470610678356	0.6505558337284308	0.06169710520373369
41189	0.30972496553109746	0.5897475091408403	0.10052752532806224
41190	0.14114649014150252	0.5647807274970121	0.2940727823614854
41191	0.17637040910221805	0.6072732062906021	0.21635638460717987
41192	0.32121963631310807	0.466136140153324	0.21264422353356793
41193	0.2344555287729384	0.7070415608359163	0.05850291039114534
41194	0.3399566395915547	0.5568196917922593	0.10322366861618593
41195	0.22962033081837527	0.5375850106765314	0.23279465850509337
41196	0.22212047905048346	0.5431299975518221	0.23474952339769448
41197	0.14930681517917835	0.6269852784649094	0.22370790635591212
41198	0.18644962543861718	0.49325052367452543	0.32029985088685736
41199	0.11160264265192554	0.5141430031410242	0.37425435420705017
41200	0.06942456556834777	0.4552975930337289	0.47527784139792323
41201	0.11745214747557886	0.5334842041012103	0.3490636484232108
41202	0.1714703656976595	0.31411397166005234	0.5144156626422881
41203	0.3301906200569833	0.34041635274141196	0.3293930272016047
41204	0.3109732763650839	0.6354628491909581	0.05356387444395813
41205	0.26585694716053526	0.5932128718696513	0.14093018096981333
41206	0.18773292999439514	0.4702847654618895	0.34198230454371537
41207	0.36442694703070466	0.5671165662317079	0.06845648673758747
41208	0.20372516856796094	0.5880705419140675	0.2082042895179715
41209	0.1821829465423818	0.49477297675949417	0.323044076698124
41210	0.131168775099782	0.24102953338448532	0.6278016915157326
41211	0.18662825906843838	0.5073527722312773	0.3060189687002844
41212	0.32189176134397995	0.6433008772152694	0.03480736144075051
41213	0.08627671488015727	0.5274873184587116	0.38623596666113125
41214	0.2165860222820364	0.5521724973243075	0.23124148039365608
41215	0.13679593914483165	0.6909227574416632	0.17228130341350503
41216	0.4527285180176426	0.48332949668653197	0.0639419852958255
41217	0.20857764425881867	0.43325596800688243	0.35816638773429893
41218	0.27851216605203805	0.67928275350677	0.0422050804411919
41219	0.17672226297032192	0.4462830412301786	0.37699469579949946
41220	0.20367872566012898	0.6135874490006449	0.18273382533922614
41221	0.11541715956592775	0.7816984306934192	0.1028844097406531
41222	0.2540204999478308	0.6858198793200617	0.060159620732107455
41223	0.321315542042895	0.5773656381797476	0.10131881977735735
41224	0.16928319986530516	0.5036500846497255	0.3270667154849694
41225	0.11526831552271898	0.4252693513689569	0.45946233310832424
41226	0.24829756996980357	0.4990174501441136	0.25268497988608285
41227	0.16418779095281064	0.5761608646174092	0.25965134442978016
41228	0.24447252882745826	0.6464003114184625	0.10912715975407923
41229	0.24231618602173902	0.6204741577739452	0.1372096562043158
41230	0.5139811552234916	0.4170947111318419	0.06892413364466658
41231	0.36989766192218404	0.5069839575727825	0.12311838050503342
41232	0.09273479266989965	0.3410730269493965	0.5661921803807037
41233	0.2283708655039086	0.4422628984881241	0.3293662360079672
41234	0.3366621726531154	0.6367253997075667	0.026612427639317832
41235	0.2871588493628316	0.6466440767189768	0.06619707391819156
41236	0.26941251988941256	0.6851519340604005	0.04543554605018696
41237	0.2928827140630441	0.6031260223618912	0.10399126357506472
41238	0.24885962710234533	0.6442214019233954	0.10691897097425933
41239	0.14136476439574416	0.6792353463322125	0.17939988927204334
41240	0.42288496501141865	0.5002082829781328	0.07690675201044851
41241	0.28599863551732113	0.618387165145367	0.09561419933731201
41242	0.3024465993175323	0.6076067666689656	0.08994663401350211
41243	0.36997250057315184	0.5081972845352566	0.12183021489159156
41244	0.3844155618016309	0.5760438279642569	0.0395406102341122
41245	0.09063290051348112	0.850709811941133	0.05865728754538583
41246	0.1986914368337603	0.7608382946455303	0.04047026852070938
41247	0.08795563186870847	0.4229982645079244	0.48904610362336715
41248	0.1373904857143482	0.5730702441713751	0.28953927011427655
41249	0.15297038469179972	0.7069609635256943	0.14006865178250608
41250	0.22436987171157083	0.6785866847560417	0.09704344353238765
41251	0.18060880820133465	0.5627307927959059	0.25666039900275944
41252	0.13357596655037193	0.5584275856511821	0.307996447798446
41253	0.30407893247808865	0.5520568529047614	0.14386421461714993
41254	0.19947363845782495	0.7382112539789762	0.06231510756319875
41255	0.3186807407702368	0.6342829530636048	0.04703630616615839
41256	0.15624043370188292	0.5654278136617262	0.27833175263639076
41257	0.2406102315229092	0.5747383975660546	0.18465137091103626
41258	0.21784185420097427	0.6590823179731582	0.12307582782586753
41259	0.06938520074221392	0.4768579506093948	0.4537568486483914
41260	0.10932307100125853	0.4786391925762066	0.4120377364225349
41261	0.2718350045877053	0.5221784288216266	0.20598656659066814
41262	0.4700545605469017	0.40827564083333673	0.12166979861976164
41263	0.2407289488780978	0.6809650353915043	0.07830601573039797
41264	0.07707466126491394	0.5573081974265931	0.36561714130849304
41265	0.20090245855624975	0.5834198506926778	0.2156776907510725
41266	0.21423544865080144	0.712896324452084	0.07286822689711474
41267	0.135786504331773	0.2668179841846531	0.597395511483574
41268	0.19715170307909058	0.7261878047438306	0.07666049217707888
41269	0.2167528307695464	0.7121328527892907	0.07111431644116277
41270	0.12289257085954686	0.29499194906536896	0.5821154800750842
41271	0.21823857462762153	0.5492458073549801	0.2325156180173984
41272	0.26830175140157503	0.5882092842713466	0.1434889643270784
41273	0.3171696792585221	0.5478757560794875	0.1349545646619905
41274	0.18475023355597156	0.7501363711949992	0.06511339524902925
41275	0.20790499222474587	0.5063760997599231	0.285718908015331
41276	0.2512913752694788	0.7041792388119558	0.04452938591856545
41277	0.24748407027459285	0.6809296475554195	0.07158628216998765
41278	0.18338143229105452	0.5461661501685385	0.27045241754040705
41279	0.13783107896016444	0.25261410150505287	0.6095548195347827
41280	0.43581165897897295	0.49585800861675794	0.06833033240426913
41281	0.12654263394322698	0.6341170090567875	0.2393403569999856
41282	0.2681927813664317	0.6212635851756264	0.11054363345794198
41283	0.24601948970038068	0.7082386900420484	0.04574182025757092
41284	0.13401946334170975	0.2611297616049169	0.6048507750533733
41285	0.1590422954240829	0.5755644224862903	0.26539328208962687
41286	0.308578624834571	0.6069188598986672	0.08450251526676172
41287	0.20978073987966903	0.7037678893123549	0.08645137080797605
41288	0.3158474510607813	0.4383674539383713	0.24578509500084736
41289	0.16425981495211261	0.5195033530959937	0.3162368319518937
41290	0.35677637437635573	0.617330734960882	0.0258928906627623
41291	0.06591535369319618	0.3416778341987545	0.5924068121080494
41292	0.2685937394825509	0.6397997011227594	0.0916065593946897
41293	0.13557298183824082	0.6954558636762408	0.16897115448551836
41294	0.28307808066061496	0.6656044602091161	0.05131745913026899
41295	0.30005596854110506	0.6127301383623937	0.08721389309650125
41296	0.2749428348370751	0.6424877681011295	0.08256939706179539
41297	0.40941644493086254	0.4412202876619234	0.14936326740721403
41298	0.31158962876329616	0.5585177474245377	0.12989262381216612
41299	0.11487848969812997	0.8052068340007215	0.07991467630114858
41300	0.10652345608654205	0.6141077349966108	0.27936880891684723
41301	0.1421204627563412	0.576988935924012	0.2808906013196468
41302	0.21607538855952	0.7179662985100932	0.0659583129303868
41303	0.362755766396299	0.5749870925919689	0.06225714101173221
41304	0.2157764261505468	0.5402882269236505	0.24393534692580263
41305	0.2122980896095071	0.6355919382426091	0.15210997214788383
41306	0.15265663058781398	0.29199260483044287	0.5553507645817432
41307	0.11938871174700276	0.8373878210453919	0.043223467207605365
41308	0.21928412511998666	0.48902061587791584	0.29169525900209753
41309	0.1844015771577335	0.5754527512703157	0.24014567157195077
41310	0.3456499716767351	0.5813564060777262	0.07299362224553861
41311	0.3265876267782031	0.522643784118459	0.15076858910333804
41312	0.07865444095259115	0.7119221040832645	0.20942345496414436
41313	0.24363582879079762	0.4721705381379058	0.28419363307129647
41314	0.12205635683344535	0.28023525413896655	0.5977083890275882
41315	0.2586709964747527	0.5833354944621207	0.15799350906312656
41316	0.1680039781180329	0.7442684661215484	0.08772755576041887
41317	0.26708361127777946	0.6478336276112661	0.08508276111095447
41318	0.4832669325350582	0.32561816359185886	0.19111490387308286
41319	0.2370112618831163	0.5711391653334635	0.1918495727834201
41320	0.1584971817483853	0.48019047155594013	0.36131234669567464
41321	0.33318991781814783	0.5359609523971668	0.13084912978468535
41322	0.11581455800440883	0.6675886328164338	0.21659680917915738
41323	0.09622672505060866	0.5580632954021129	0.3457099795472784
41324	0.03989273935656582	0.3705082702799741	0.5895989903634601
41325	0.33168322200950623	0.5692168585761883	0.09909991941430545
41326	0.12238213878911393	0.3006538688637201	0.576963992347166
41327	0.37935189959187904	0.5084432618613675	0.11220483854675345
41328	0.4848780955313357	0.435713012506938	0.07940889196172628
41329	0.35009200105584704	0.4578579897723058	0.1920500091718471
41330	0.15176128766242195	0.5334049827121662	0.3148337296254118
41331	0.37087622016951255	0.48632614785645606	0.14279763197403134
41332	0.13584729956722819	0.7677076428391402	0.09644505759363174
41333	0.30091875529786	0.6396298800574175	0.059451364644722456
41334	0.22989331654602052	0.5921026900136518	0.1780039934403277
41335	0.269754799362683	0.5528144091096041	0.17743079152771288
41336	0.06950818346618097	0.28997206503072787	0.6405197515030912
41337	0.40213134279840945	0.4749965221152033	0.12287213508638728
41338	0.4185619950141585	0.506318341423353	0.07511966356248843
41339	0.23240339186584777	0.5350440774467055	0.23255253068744683
41340	0.22934182631829633	0.634758021991706	0.13590015168999778
41341	0.3573733090950943	0.5002428152273715	0.14238387567753427
41342	0.2002381154913313	0.603052618816374	0.19670926569229485
41343	0.3940413699851843	0.5832181748667334	0.022740455148082196
41344	0.14598818416460116	0.23874318067690156	0.6152686351584974
41345	0.13781786962992779	0.7789711169118329	0.08321101345823934
41346	0.2945906865842275	0.4531459922457108	0.2522633211700618
41347	0.20044057684034167	0.640269950281304	0.1592894728783544
41348	0.4645048025042404	0.46230980978026764	0.07318538771549188
41349	0.19053452468421042	0.7022182745308313	0.10724720078495827
41350	0.11527070191800304	0.40367362663940726	0.4810556714425897
41351	0.25125111046281795	0.436790891447731	0.31195799808945107
41352	0.15961314114112102	0.7151599090089577	0.12522694984992133
41353	0.32163384842107534	0.5806149278735305	0.09775122370539417
41354	0.1820289674962138	0.6790695684159038	0.1389014640878823
41355	0.1836391909276148	0.7290187652216514	0.08734204385073374
41356	0.1418374959248554	0.29580500226595263	0.5623575018091921
41357	0.16679947700299105	0.6599787273677759	0.1732217956292331
41358	0.18806725685322076	0.4669447983365685	0.3449879448102107
41359	0.22223013797293634	0.5912321507107515	0.1865377113163121
41360	0.2508364598358451	0.7014209613911003	0.047742578773054545
41361	0.14122569612230787	0.2430495855834658	0.6157247182942264
41362	0.2827154520813944	0.6385707597240127	0.07871378819459296
41363	0.02098652409761471	0.2249564146447398	0.7540570612576455
41364	0.2745938933955416	0.49665275863440356	0.22875334797005484
41365	0.16962487515529237	0.6219955944075544	0.2083795304371533
41366	0.16515803596874504	0.6690114156019695	0.16583054842928535
41367	0.29109915442885953	0.6290995529206308	0.07980129265050954
41368	0.39046606067380224	0.5232966287446404	0.08623731058155722
41369	0.22478550220703353	0.6523682730373487	0.12284622475561784
41370	0.3411005335594992	0.5388247680232371	0.1200746984172637
41371	0.20768190369167353	0.5805051524756579	0.2118129438326685
41372	0.2770902013014776	0.5489342455998519	0.17397555309867044
41373	0.08480785727470398	0.444541799946461	0.47065034277883505
41374	0.3272572118383274	0.48094686042840235	0.19179592773327037
41375	0.2801126953911643	0.5748173971102761	0.1450699074985596
41376	0.31125670208977557	0.6209002559871838	0.0678430419230407
41377	0.38874826551583713	0.5921670147259602	0.019084719758202678
41378	0.37987170539546966	0.5695060774795045	0.0506222171250259
41379	0.1501967759480602	0.7657655242933433	0.08403769975859654
41380	0.23769224514059065	0.5596975364556728	0.20261021840373658
41381	0.3698031690175992	0.4336557326204397	0.19654109836196118
41382	0.21331915784272018	0.6319217414030648	0.15475910075421503
41383	0.22478550220703353	0.6523682730373487	0.12284622475561784
41384	0.2775368616737424	0.5008211925011405	0.221641945825117
41385	0.3562149246008511	0.5358394035174031	0.1079456718817458
41386	0.21908430373218005	0.5253219674017614	0.2555937288660585
41387	0.24400816073848533	0.5729696681197997	0.18302217114171496
41388	0.29183159202778297	0.6179182448926247	0.0902501630795924
41389	0.23236738373475055	0.708630723085624	0.05900189317962548
41390	0.11056328377093323	0.8117662581545714	0.07767045807449534
41391	0.3192523848665491	0.6011662023642828	0.07958141276916818
41392	0.37925548679717513	0.4914194507389274	0.12932506246389744
41393	0.3206529209107345	0.603575071275866	0.07577200781339943
41394	0.3494260847427635	0.5510749523583569	0.09949896289887956
41395	0.15841390511768783	0.3973955907379687	0.44419050414434347
41396	0.26781678507804935	0.654340697749309	0.07784251717264157
41397	0.2177453179431533	0.6583586308980965	0.12389605115875015
41398	0.3136117357688712	0.5735481586884413	0.11284010554268736
41399	0.2394465639577923	0.6606565844724374	0.09989685156977045
41400	0.2969492276058669	0.5664311183344868	0.1366196540596464
41401	0.15625242765123165	0.5725543003552471	0.2711932719935212
41402	0.2097958215362191	0.5751826376134145	0.21502154085036632
41403	0.26787021744362566	0.633508179955865	0.09862160260050934
41404	0.22746320392232944	0.7255260944768497	0.04701070160082094
41405	0.335806858250104	0.5091279634892618	0.15506517826063423
41406	0.1904633478862747	0.5222860833657528	0.28725056874797256
41407	0.10018420398172583	0.2472224267845713	0.6525933692337028
41408	0.1381794825382127	0.5760092051085617	0.28581131235322554
41409	0.25591177968478646	0.6042452977806726	0.13984292253454098
41410	0.3127747844874378	0.4858165723604164	0.2014086431521458
41411	0.3288689410364365	0.5062345758322783	0.16489648313128527
41412	0.1558139883700647	0.29161992841918555	0.5525660832107498
41413	0.21032754030135012	0.6617832932084732	0.12788916649017665
41414	0.13334306975836166	0.49037085069145236	0.37628607955018595
41415	0.22611085034157283	0.7042413263224817	0.06964782333594548
41416	0.40634764807718	0.4537117268053466	0.13994062511747338
41417	0.3655158660875378	0.4474937605277674	0.1869903733846947
41418	0.3889648336010574	0.5054812830585279	0.10555388334041475
41419	0.22155593590809755	0.6436446231469414	0.13479944094496107
41420	0.34882761065273393	0.6005287058940182	0.05064368345324787
41421	0.179976136115272	0.6003663430996055	0.2196575207851225
41422	0.29086231254469147	0.4158111739711328	0.2933265134841756
41423	0.40849446270632384	0.48255023907054034	0.10895529822313578
41424	0.17867389295786573	0.46749013445716336	0.3538359725849709
41425	0.21348861209296288	0.7556832314154908	0.030828156491546205
41426	0.30272359921489056	0.6704299605243138	0.026846440260795648
41427	0.12056955378124849	0.7001026901832232	0.1793277560355283
41428	0.10003270547455145	0.803803917940849	0.09616337658459938
41429	0.19321144476215424	0.7125599920695659	0.09422856316827981
41430	0.2947615921525993	0.63971800234138	0.06552040550602073
41431	0.1904451709803571	0.6462185281955816	0.16333630082406148
41432	0.16110685989172077	0.732338427937734	0.1065547121705452
41433	0.17840327045598917	0.2671297774712568	0.5544669520727541
41434	0.2996164707712601	0.6321038766196704	0.0682796526090696
41435	0.3358417933901358	0.6258979029875226	0.03826030362234167
41436	0.09345356433364933	0.3847417644871682	0.5218046711791825
41437	0.2180636081330332	0.42117346491836033	0.3607629269486065
41438	0.6537686305460851	0.31047313662335646	0.03575823283055843
41439	0.14671342130691067	0.5587017644906975	0.2945848142023917
41440	0.35883768717052517	0.5127627311994355	0.12839958163003926
41441	0.30795801093269265	0.5893073187751364	0.102734670292171
41442	0.18803559209728185	0.3554250999811859	0.4565393079215323
41443	0.24687570252884453	0.6531375764969679	0.09998672097418743
41444	0.3005254752792281	0.4619461385950752	0.2375283861256966
41445	0.11866262326064785	0.5329943240825549	0.3483430526567974
41446	0.6601563727762776	0.28334496450873087	0.056498662714991606
41447	0.2438221606126858	0.6245625136732079	0.13161532571410625
41448	0.25876925307270476	0.5771363657045766	0.1640943812227186
41449	0.27575379756260193	0.4767086719670539	0.2475375304703441
41450	0.36118728698525876	0.582432344694774	0.056380368319967324
41451	0.4919568353520362	0.4075080521338226	0.1005351125141412
41452	0.19757180763808466	0.4137475266369335	0.3886806657249818
41453	0.22580706585687885	0.5310632238655528	0.24312971027756833
41454	0.2198179737443732	0.7281865554571197	0.05199547079850708
41455	0.34890835616592364	0.5362126196277612	0.11487902420631506
41456	0.28576328313660243	0.6984783570389642	0.015758359824433393
41457	0.24519609015668883	0.609013587845199	0.14579032199811223
41458	0.21641133058956896	0.4831975399813923	0.30039112942903873
41459	0.16381915478095035	0.7916747023150202	0.04450614290402935
41460	0.3784234409641387	0.5037764735334483	0.1178000855024129
41461	0.3603695383177576	0.5549248262479319	0.08470563543431042
41462	0.1895580093376836	0.6987791617927303	0.11166282886958633
41463	0.14602310230297494	0.32101024583247545	0.5329666518645496
41464	0.4848780955313357	0.435713012506938	0.07940889196172628
41465	0.31583837932264	0.5868723873281158	0.09728923334924432
41466	0.32913142773133064	0.5723203111358994	0.09854826113276993
41467	0.331956999032094	0.5452032391105949	0.12283976185731105
41468	0.27746229792189553	0.6561065164099339	0.06643118566817054
41469	0.2825411712295314	0.5416640570870088	0.17579477168345972
41470	0.3772091469869694	0.4814007050668742	0.1413901479461564
41471	0.44593031535473227	0.48122338404827136	0.07284630059699637
41472	0.38742608256763916	0.4055682346286507	0.2070056828037102
41473	0.2514039682044002	0.6903211866895366	0.058274845106063365
41474	0.15675869573056225	0.5926682005996922	0.25057310366974567
41475	0.2904947716345192	0.5155624320818349	0.19394279628364583
41476	0.2807482758339435	0.6829302013771704	0.03632152278888598
41477	0.15460631048033133	0.7984466296311337	0.04694705988853495
41478	0.2549434232907486	0.3833164306906098	0.36174014601864163
41479	0.29352260868733365	0.6616961068726992	0.04478128443996702
41480	0.14938466237744452	0.7744340512712994	0.07618128635125605
