21257	0.1503676564607043	0.6750466835448775	0.1745856599944183
21258	0.13251615006610104	0.725539032951378	0.14194481698252084
21259	0.23614033377230023	0.5648610103537287	0.198998655873971
21260	0.20273306900338814	0.6526557781141941	0.14461115288241796
21261	0.4356220241292718	0.41676633096800786	0.1476116449027203
21262	0.39639006328662973	0.45639308978581505	0.14721684692755513
21263	0.12008641770989538	0.5138085890438715	0.3661049932462331
21264	0.29858541280843715	0.5526582775588167	0.14875630963274608
21265	0.21352685591159495	0.6397128612387403	0.14676028284966466
21266	0.09921930000643336	0.4112793348349996	0.4895013651585671
21267	0.08268441380120227	0.4618195955218656	0.4554959906769322
21268	0.2250482358406266	0.6001781742557154	0.1747735899036579
21269	0.2474181248479439	0.5900803845231456	0.1625014906289103
21270	0.11815336290386774	0.6230871850844255	0.25875945201170675
21271	0.11463539552183162	0.6256693341390812	0.2596952703390871
21272	0.132831639486075	0.6276482086572498	0.23952015185667527
21273	0.29881949759599064	0.5917490530385905	0.10943144936541893
21274	0.41985153023597627	0.3693635300286147	0.210784939735409
21275	0.35716608914694586	0.48997374325557197	0.1528601675974821
21276	0.1749612558829874	0.6238989533771017	0.20113979073991092
21277	0.21578869497769695	0.6486401369681536	0.13557116805414934
21278	0.3549480001748661	0.4577682308693258	0.18728376895580814
21279	0.3785382923896023	0.42179379242270204	0.1996679151876957
21280	0.11582405286567883	0.717184086979927	0.16699186015439435
21281	0.1312596342691459	0.7080618110564411	0.16067855467441305
21282	0.15529357496645824	0.53005519127767	0.31465123375587195
21283	0.23072796139193563	0.590538119190009	0.17873391941805547
21284	0.24857271336187547	0.622415090421279	0.12901219621684554
21285	0.13803429965944175	0.7211281175795773	0.14083758276098127
21286	0.10249977576396868	0.7634178371921344	0.13408238704389683
21287	0.14300883456367572	0.693772621140646	0.1632185442956784
21288	0.11348887996881284	0.6746779396227188	0.21183318040846835
21289	0.1375271853508066	0.6971616803217525	0.16531113432744074
21290	0.21116854868748372	0.6684450967541586	0.12038635455835751
21291	0.23409840268422455	0.655259401927149	0.1106421953886263
21292	0.19909161476563206	0.6321161595070431	0.1687922257273248
21293	0.18456039855190742	0.6534222394896574	0.16201736195843516
21294	0.19525600528225917	0.5011142548036145	0.3036297399141264
21295	0.08148744638411931	0.7078625685903767	0.21064998502550392
21296	0.07939524116919987	0.7118326341288498	0.20877212470195028
21297	0.09646309520159584	0.4749967521607051	0.428540152637699
21298	0.1089782984272875	0.7728182786492562	0.11820342292345638
21299	0.1474495662319054	0.7105843920906936	0.14196604167740104
21300	0.17131737964496363	0.6103044330716331	0.2183781872834033
21301	0.22948870695813173	0.6347173515744512	0.135793941467417
21302	0.15798952760881432	0.6439760135919792	0.19803445879920653
21303	0.1077528822961455	0.7785988742639286	0.11364824343992581
21304	0.21820508524836557	0.6205330108165638	0.16126190393507064
21305	0.4153156945948022	0.4636439910045363	0.12104031440066142
21306	0.08579720798067865	0.6968225196551444	0.2173802723641768
21307	0.11768824215262623	0.6164021721403786	0.2659095857069951
21308	0.09948307534630023	0.6772863180327344	0.22323060662096536
21309	0.119675481683292	0.7390919578496749	0.14123256046703322
21310	0.15071610066111404	0.4850736669387721	0.3642102324001139
21311	0.23922234537294815	0.6329657678364029	0.1278118867906488
21312	0.07324458601123147	0.4587578415702643	0.46799757241850415
21313	0.26991441208113376	0.6021989227797641	0.12788666513910205
21314	0.2055492783537579	0.5754106921342846	0.21904002951195747
21315	0.26236184275773383	0.6224147410781194	0.11522341616414668
21316	0.1339162662188203	0.5113430409769645	0.35474069280421516
21317	0.23394595433291307	0.6157851237040688	0.1502689219630182
21318	0.1328662604595029	0.4389366533352128	0.42819708620528435
21319	0.2540426453880293	0.5436977521824207	0.20225960242955007
21320	0.1866019624998846	0.48242485975181876	0.33097317774829654
21321	0.16949435888630415	0.39141680494871506	0.43908883616498073
21322	0.23897296711146002	0.523267179947959	0.2377598529405811
21323	0.16874821234219503	0.6993598651021622	0.13189192255564292
21324	0.09547410307104016	0.7072382838701173	0.19728761305884254
21325	0.16232601808803362	0.6776376508109919	0.16003633110097434
21326	0.06346309272837106	0.8572651489277052	0.07927175834392365
21327	0.15658694140596832	0.70633512265383	0.1370779359402017
21328	0.20645535127862905	0.5332421586295019	0.260302490091869
21329	0.15315992586082947	0.45122574540631216	0.3956143287328584
21330	0.18488114224473995	0.45606370537086943	0.35905515238439056
21331	0.13839423507355794	0.45103561146838017	0.4105701534580619
21332	0.32116156123023515	0.4796669959210779	0.19917144284868696
21333	0.2574250717893755	0.552657217297217	0.1899177109134076
21334	0.1546231151644505	0.7065338709054289	0.13884301393012058
21335	0.11315770226452426	0.7526060014135355	0.1342362963219402
21336	0.13267081377373746	0.6290194733415668	0.2383097128846958
21337	0.5446422967531656	0.3088768341102274	0.146480869136607
21338	0.18833514020895425	0.48880566383869567	0.32285919595235013
21339	0.14057860277838152	0.4376243055937304	0.421797091627888
21340	0.19900008266591515	0.630475913313483	0.1705240040206019
21341	0.2841064780519244	0.5711026854603051	0.14479083648777058
21342	0.205971677746459	0.6088940267513547	0.18513429550218619
21343	0.3327770372558551	0.45186670527355927	0.21535625747058565
21344	0.23021885439786646	0.5719340116711341	0.1978471339309993
21345	0.17732371680812956	0.6941924650117043	0.12848381818016638
21346	0.21258693913747573	0.680468742573185	0.10694431828933908
21347	0.09843949732357767	0.7021614366050367	0.1993990660713858
21348	0.16619311808112977	0.7211297279309162	0.11267715398795408
21349	0.2069791716217059	0.5492329771450836	0.24378785123321048
21350	0.2609848035536498	0.46310129403983935	0.27591390240651087
21351	0.18775634863458993	0.6973612923015985	0.11488235906381154
21352	0.23161158050849062	0.6721377047453182	0.09625071474619125
21353	0.2700422361340313	0.6260046111340607	0.10395315273190803
21354	0.12693848015226875	0.6240692585589238	0.24899226128880736
21355	0.1789556905316391	0.715663252099826	0.10538105736853502
21356	0.15550266058816734	0.7414595352694996	0.10303780414233306
21357	0.20474735839761748	0.5835838133159864	0.2116688282863961
21358	0.21843875281214697	0.6708579805093993	0.11070326667845391
21359	0.21843875281214697	0.6708579805093993	0.11070326667845391
21360	0.11328593933877695	0.7262907092567437	0.1604233514044793
21361	0.26046720215163705	0.6482633062451953	0.09126949160316755
21362	0.1189083145924003	0.38881480393483087	0.4922768814727689
21363	0.22316797871242877	0.5768789877528882	0.1999530335346831
21364	0.5489664701914211	0.34254461321837476	0.10848891659020406
21365	0.2031381522311715	0.6924748637258716	0.10438698404295693
21366	0.19612916926534932	0.6881875874148792	0.11568324331977142
21367	0.10665893597813958	0.6365523997160858	0.25678866430577446
21368	0.13149884559165229	0.6715800582215147	0.19692109618683307
21369	0.1364868646789683	0.5925712095039262	0.27094192581710547
21370	0.21921331135937439	0.6681965802290284	0.11259010841159717
21371	0.19507061612940588	0.5620909017058094	0.24283848216478474
21372	0.14137015231895148	0.7310295444314633	0.12760030324958524
21373	0.17807118170350714	0.6770413747578838	0.14488744353860908
21374	0.08556927299885712	0.8166911245629095	0.09773960243823332
21375	0.13501377598327338	0.7334073743824674	0.13157884963425928
21376	0.4343956860275789	0.3642009067001424	0.20140340727227868
21377	0.28842244960808583	0.4668113797068251	0.244766170685089
21378	0.09073811669775977	0.7653478750198998	0.14391400828234036
21379	0.12749750040604996	0.6969135410098978	0.17558895858405218
21380	0.4461036744221348	0.39119150110830403	0.16270482446956114
21381	0.5263832281935005	0.3443980994178922	0.12921867238860732
21382	0.11208502291757154	0.6959985365796637	0.19191644050276488
21383	0.21460900861239976	0.6428117006974938	0.14257929069010644
21384	0.10270687584070326	0.6459932838064412	0.25129984035285563
21385	0.09354458171621526	0.6046745375682413	0.3017808807155433
21386	0.2383017542728665	0.5876412853200096	0.17405696040712368
21387	0.1941257934238357	0.6254544775711155	0.18041972900504874
21388	0.1586282175416103	0.7324603990850397	0.1089113833733501
21389	0.18116518529798978	0.7262218094067349	0.09261300529527533
21390	0.14266169247620367	0.7231961512516567	0.13414215627213968
21391	0.2494015137857353	0.6363346269185168	0.11426385929574782
21392	0.19796251802402823	0.5944917213331014	0.20754576064287034
21393	0.13524101823505802	0.5054903455360114	0.3592686362289306
21394	0.17999249256138797	0.6634285489758595	0.15657895846275258
21395	0.2335428621484399	0.5573585285362017	0.2090986093153584
21396	0.1947840175828157	0.637580258260764	0.16763572415642025
21397	0.30406820984919386	0.5693020504344707	0.12662973971633545
21398	0.20176153239449127	0.6577770434146516	0.1404614241908572
21399	0.15730992286706	0.6830483916083736	0.1596416855245664
21400	0.1444309265366532	0.7091651085586972	0.1464039649046495
21401	0.08908539529303124	0.6795201247473788	0.23139447995958995
21402	0.13237721860470375	0.6982023226510798	0.1694204587442165
21403	0.12916260068643562	0.5240962516239257	0.34674114768963865
21404	0.14174528482565343	0.6505941397822846	0.20766057539206204
21405	0.09133735447851053	0.47091312349168285	0.4377495220298066
21406	0.11985265070803548	0.6705179606728279	0.20962938861913658
21407	0.07106913214766168	0.5233164032707541	0.4056144645815842
21408	0.14669830052993785	0.764359829680799	0.08894186978926304
21409	0.15531957173595443	0.7324292199458037	0.11225120831824191
21410	0.15923745746182885	0.7286041549421952	0.11215838759597592
21411	0.12328427235327598	0.7567604318630549	0.11995529578366926
21412	0.13124372128125517	0.7436980666097196	0.12505821210902546
21413	0.41450261989324205	0.4931213565813486	0.09237602352540937
21414	0.08087995482035305	0.5665551426815129	0.3525649024981341
21415	0.1207106530995608	0.6851515575196957	0.19413778938074353
21416	0.19655850301928232	0.6309699131815654	0.17247158379915228
21417	0.46788161568347225	0.44973576838730606	0.08238261592922176
21418	0.2566164043967944	0.6210438031347211	0.12233979246848452
21419	0.2209735527954396	0.6790321497138253	0.09999429749073498
21420	0.3418434863397792	0.5471631129503796	0.11099340070984116
21421	0.26670154867389656	0.5509797487373777	0.18231870258872585
21422	0.2837143803359885	0.5512696413154128	0.1650159783485987
21423	0.2876118479862394	0.5994902143653795	0.11289793764838112
21424	0.34897308901505486	0.5208424004141504	0.1301845105707948
21425	0.24311849951711786	0.6006102678748165	0.15627123260806564
21426	0.23744044584930757	0.5492031768992819	0.21335637725141052
21427	0.2912273150790907	0.5097027565769806	0.1990699283439288
21428	0.2377489597626722	0.6269096632122801	0.13534137702504748
21429	0.29875735866277475	0.500373903107281	0.20086873822994422
21430	0.16367845242723275	0.5378850681161148	0.2984364794566525
21431	0.07581627792265369	0.4579738641989675	0.4662098578783788
21432	0.24864418535552768	0.6018749851505262	0.14948082949394595
21433	0.1694791099214715	0.6520455787627425	0.17847531131578587
21434	0.08992702549204178	0.6011692876887363	0.30890368681922187
21435	0.22036596324708965	0.5683208856906304	0.2113131510622798
21436	0.13369104434460394	0.6517862696540134	0.2145226860013827
21437	0.12210824279398742	0.7224906361066905	0.15540112109932205
21438	0.20650223525621061	0.5589895507920585	0.2345082139517308
21439	0.12746839616455988	0.6146305887560825	0.25790101507935764
21440	0.2438491314986726	0.6453903371190547	0.1107605313822727
21441	0.37208543176794917	0.5327896761326422	0.09512489209940865
21442	0.3625013340200549	0.5363022140301839	0.10119645194976122
21443	0.12340076809945433	0.592923681088508	0.2836755508120377
21444	0.4849068850550485	0.40412245108374817	0.11097066386120341
21445	0.18519369229088756	0.6513866581148926	0.1634196495942198
21446	0.18263627419264186	0.665152220110522	0.15221150569683617
21447	0.24375191541086094	0.5245264549045442	0.2317216296845949
21448	0.2113852062288287	0.543477097809243	0.24513769596192825
21449	0.17794931320073606	0.6617043854692423	0.16034630133002167
21450	0.18039574552239615	0.6600345607809541	0.15956969369664975
21451	0.1392765948038065	0.40273622780544	0.4579871773907535
21452	0.1397590173267226	0.7436690549391768	0.11657192773410063
21453	0.14656548802272315	0.7258104363135643	0.1276240756637125
21454	0.07849311182403729	0.8301561664471513	0.09135072172881142
21455	0.1292534609990834	0.746345807942166	0.12440073105875056
21456	0.13169181787349596	0.7050627832392239	0.16324539888728004
21457	0.3782841281487798	0.5257038905225224	0.09601198132869777
21458	0.1075079900703645	0.4192711709581045	0.47322083897153105
21459	0.20138064337261175	0.7084927293434413	0.09012662728394703
21460	0.24944469953126433	0.6493405973839547	0.10121470308478107
21461	0.15000917704508418	0.6869729264814919	0.16301789647342388
21462	0.5206909400241561	0.36700861228025045	0.11230044769559333
21463	0.09526409485505989	0.7267343176435789	0.17800158750136139
21464	0.14636457681341625	0.5473592166867661	0.3062762064998176
21465	0.2125797299130585	0.6438776655241402	0.1435426045628014
21466	0.2218542971421916	0.6428626799372023	0.13528302292060618
21467	0.08147317475996645	0.5375687083936764	0.3809581168463571
21468	0.12648440873024966	0.7309661497776414	0.14254944149210894
21469	0.16934686253300538	0.7280379023490183	0.10261523511797631
21470	0.25284680417904526	0.6311600503659544	0.11599314545500035
21471	0.2703926230855879	0.5479943639477952	0.18161301296661692
21472	0.18029767744399147	0.6478241084710882	0.1718782140849203
21473	0.1380219984683383	0.5470322885976514	0.31494571293401025
21474	0.2180110281799148	0.6533645647519023	0.12862440706818298
21475	0.17694303595980598	0.6128361670815373	0.21022079695865645
21476	0.19623404158085642	0.5669038765130541	0.2368620819060893
21477	0.10784416185419443	0.47888227865815364	0.41327355948765193
21478	0.20759970702107644	0.6223634948307718	0.17003679814815179
21479	0.16069372161723403	0.5854653085835486	0.2538409697992174
21480	0.2209071776876924	0.6550365735344843	0.12405624877782317
21481	0.22128206655809315	0.6780562471141462	0.10066168632776057
21482	0.36755694871098726	0.5235850827944564	0.10885796849455637
21483	0.3108430038086086	0.5260631706307545	0.1630938255606369
21484	0.13594409441628785	0.7785313943575346	0.08552451122617767
21485	0.17369474546420383	0.7269419857683778	0.09936326876741859
21486	0.08873396702841523	0.3478778392383068	0.563388193733278
21487	0.11860225540960567	0.4485390429469925	0.43285870164340184
21488	0.12004125666577654	0.6603381440344224	0.21962059929980113
21489	0.15539016578915532	0.5797739998757255	0.2648358343351192
21490	0.2315821260911275	0.606420364571973	0.1619975093368995
21491	0.2687898349575394	0.609939958976809	0.1212702060656516
21492	0.17941634132240217	0.7056516065310469	0.11493205214655101
21493	0.3149473365549326	0.5591607461492766	0.12589191729579077
21494	0.27678310066733985	0.5977351709655992	0.12548172836706084
21495	0.12976344270375997	0.6756028821846908	0.19463367511154914
21496	0.16104952770486633	0.7020134101763005	0.13693706211883327
21497	0.10239946749376187	0.7879858636068283	0.10961466889940967
21498	0.37015740480581966	0.46909686718101123	0.16074572801316914
21499	0.10604355988569443	0.8111464298058876	0.08281001030841814
21500	0.33372885571611793	0.4914332966873347	0.17483784759654739
21501	0.08666161776677318	0.6295458077397145	0.28379257449351236
21502	0.14654358475836612	0.6936021891845069	0.15985422605712712
21503	0.14713916807002317	0.6859529539846254	0.16690787794535136
21504	0.12496046923876976	0.7392177828685412	0.1358217478926892
21505	0.17272031015889758	0.6910665553124221	0.13621313452868034
21506	0.19883157454142375	0.666849100011031	0.13431932544754524
21507	0.11737542339106981	0.6949293672635054	0.1876952093454249
21508	0.13283035607667812	0.7091540342201199	0.15801560970320203
21509	0.2523846861682387	0.5934485977667538	0.15416671606500734
21510	0.10420487341748035	0.604892781857779	0.2909023447247408
21511	0.11744766787507528	0.7025889558987523	0.1799633762261724
21512	0.160649674925596	0.6762499451873127	0.16310037988709128
21513	0.17305320640920022	0.34156974535554463	0.4853770482352551
21514	0.22421735843224808	0.4302989368808429	0.34548370468690903
21515	0.07269274245598513	0.6880798033144293	0.23922745422958566
21516	0.23671718426937902	0.5717227423562928	0.19156007337432826
21517	0.24954870292439202	0.6639034863201975	0.08654781075541051
21518	0.04231151743091823	0.3383418443826754	0.6193466381864065
21519	0.20275267840295996	0.6778824031846963	0.11936491841234376
21520	0.2483748584664864	0.6431485954283173	0.10847654610519647
21521	0.20442683984042867	0.4774069011583631	0.3181662590012082
21522	0.301121640187009	0.5463864943021153	0.15249186551087585
21523	0.5448206972046518	0.3494295648841627	0.10574973791118568
21524	0.14956567985080246	0.7244041018424768	0.12603021830672073
21525	0.15658694140596832	0.70633512265383	0.1370779359402017
21526	0.38808939457290625	0.5170209821295019	0.09488962329759183
21527	0.2885852077573846	0.6273785101775756	0.08403628206503971
21528	0.04815731418390898	0.5008715290672091	0.4509711567488819
21529	0.1256552018862565	0.7655745100769961	0.1087702880367476
21530	0.36621348346864413	0.5079092955433507	0.12587722098800508
21531	0.11158576655644549	0.7713343426512814	0.11707989079227295
21532	0.16435389611661702	0.39247473578267994	0.443171368100703
21533	0.15658694140596832	0.70633512265383	0.1370779359402017
21534	0.12513884172268042	0.7396552327087118	0.13520592556860772
21535	0.04815731418390898	0.5008715290672091	0.4509711567488819
21536	0.15658694140596832	0.70633512265383	0.1370779359402017
21537	0.15203571184889003	0.6103207644524241	0.2376435236986858
21538	0.11590141270377612	0.677043913278558	0.2070546740176659
21539	0.229167239331604	0.5718561788830515	0.1989765817853444
21540	0.15331786901629674	0.7235449818993526	0.1231371490843507
21541	0.3065007992556377	0.5153898275776401	0.17810937316672212
21542	0.17927569563092152	0.415339610045871	0.40538469432320756
21543	0.285284074150756	0.5277795984109441	0.18693632743829977
21544	0.1967907228799155	0.6133913523168627	0.18981792480322177
21545	0.16789282300724243	0.6727004594113302	0.15940671758142735
21546	0.28587691209089106	0.6107215642752943	0.10340152363381457
21547	0.19129067059715368	0.4493101090001462	0.35939922040270006
21548	0.16313814190575732	0.582561311565704	0.2543005465285386
21549	0.6440001814523358	0.2662443946785165	0.08975542386914766
21550	0.09807604464080855	0.7328786217611594	0.16904533359803212
21551	0.2521882517370317	0.6057271741006272	0.14208457416234113
21552	0.2237698130306139	0.6545138952921721	0.12171629167721403
21553	0.32997305268787086	0.49722883600259254	0.17279811130953657
21554	0.10137866167183573	0.4651236619557753	0.43349767637238895
21555	0.06664569421559323	0.33349527571539433	0.5998590300690125
21556	0.10240584999156825	0.45113205482296337	0.44646209518546837
21557	0.1212977195938389	0.4839833548584905	0.3947189255476707
21558	0.16994035777202532	0.6970034615989343	0.13305618062904026
21559	0.15395172203412824	0.38614098895284926	0.45990728901302247
21560	0.12927428250402523	0.7477315240498181	0.12299419344615653
21561	0.2648174976209139	0.5789858950325829	0.15619660734650317
21562	0.15943629971885412	0.7034582266939297	0.13710547358721617
21563	0.38718879832651093	0.4866558622239414	0.1261553394495477
21564	0.49208077588353677	0.35585387921866435	0.15206534489779888
21565	0.20135474071839585	0.6793146907859434	0.1193305684956607
21566	0.15696861053393346	0.7125060058770193	0.13052538358904722
21567	0.23671412701277603	0.6487899198022373	0.11449595318498666
21568	0.26255929119516636	0.5547121874936137	0.18272852131121997
21569	0.2144875019052388	0.5158775135106103	0.2696349845841508
21570	0.26832486273183853	0.5944217113292124	0.13725342593894907
21571	0.10931893219477055	0.714368026216853	0.17631304158837643
21572	0.1304571472120972	0.7379990813685966	0.13154377141930626
21573	0.2221550548648321	0.6353378601321625	0.14250708500300524
21574	0.20685894108957995	0.5180521864107926	0.2750888724996274
21575	0.11783329504567334	0.7301573466991441	0.15200935825518258
21576	0.1494391723148316	0.7329766774838525	0.11758415020131585
21577	0.19041806095859157	0.6716965498885051	0.1378853891529033
21578	0.08316166002596263	0.4523289107170127	0.46450942925702465
21579	0.1596947970662166	0.6796395035423622	0.1606656993914212
21580	0.17458176773174428	0.6709939208587558	0.15442431140949986
21581	0.24092274127141092	0.5797072890050239	0.1793699697235651
21582	0.23069474393452158	0.6376990336382004	0.13160622242727812
21583	0.10001720727917716	0.7280592963135444	0.17192349640727836
21584	0.27370962746718824	0.49748769755280026	0.22880267498001142
21585	0.03517134830756626	0.3647351546737381	0.6000934970186956
21586	0.1098028448056592	0.3520599569518766	0.5381371982424642
21587	0.1240863655615189	0.5107576198444502	0.36515601459403096
21588	0.1496447247295136	0.697446364498404	0.15290891077208243
21589	0.19738441280743124	0.6270265883556063	0.17558899883696247
21590	0.2205403566164413	0.6020736233540659	0.17738602002949286
21591	0.09318448300535	0.4331745215053391	0.4736409954893109
21592	0.33198594949820176	0.4908793864556067	0.17713466404619158
21593	0.13649098241692884	0.6292431421465724	0.23426587543649877
21594	0.1909696224765923	0.6815863176557002	0.12744405986770768
21595	0.3648472160987519	0.4318069785360177	0.20334580536523042
21596	0.47690718825942663	0.3300149928109307	0.1930778189296427
21597	0.2658167472884874	0.5667697980744758	0.16741345463703675
21598	0.2996197120355615	0.5996058115946973	0.10077447636974114
21599	0.06346309272837106	0.8572651489277052	0.07927175834392365
21600	0.16001718066175089	0.6374795809899972	0.20250323834825193
21601	0.16903048502390328	0.39005215161868034	0.4409173633574164
21602	0.3420371736849786	0.47229462556381896	0.18566820075120236
21603	0.13837187831178868	0.650915067387417	0.21071305430079415
21604	0.11962655692446071	0.687609388219673	0.19276405485586615
21605	0.28667044612278764	0.6225494921944289	0.09078006168278341
21606	0.16666508313785192	0.6544319107356333	0.17890300612651477
21607	0.18400989418641323	0.6555882386122245	0.1604018672013622
21608	0.2700611593564932	0.5182625024564421	0.21167633818706455
21609	0.2732105495741199	0.5779993637745928	0.14879008665128718
21610	0.2233284080346055	0.6859804164182716	0.09069117554712307
21611	0.4095629195000901	0.5028531109974002	0.08758396950250985
21612	0.06259571584143596	0.43136226154834345	0.5060420226102206
21613	0.12981347934775397	0.7358676852039757	0.13431883544827042
21614	0.33381690557852545	0.4924239977809511	0.17375909664052347
21615	0.2706453092045531	0.540661915250495	0.18869277554495198
21616	0.26217657657026877	0.5620917584258995	0.17573166500383175
21617	0.14777663683962639	0.6800782826783314	0.17214508048204227
21618	0.11474637194909758	0.7247713082439738	0.1604823198069287
21619	0.20321293797779869	0.6199445561823126	0.1768425058398886
21620	0.11131363493065434	0.654730735507759	0.23395562956158666
21621	0.1180876802756445	0.658654241907842	0.2232580778165134
21622	0.32638913601154945	0.5727719105591599	0.10083895342929074
21623	0.1871586799259728	0.6324307844208504	0.18041053565317663
21624	0.22016425634581882	0.6706858850040499	0.10914985865013123
21625	0.2039643030513261	0.6883411312366426	0.10769456571203122
21626	0.5618521457423218	0.32260188334337997	0.11554597091429829
21627	0.1849128927844211	0.5428728714467149	0.27221423576886394
21628	0.11885599058338324	0.7687543364957575	0.1123896729208592
21629	0.11084164100435363	0.5956001612852296	0.29355819771041675
21630	0.121117497006019	0.5444211166525537	0.33446138634142725
21631	0.1307995730133612	0.693280148397509	0.17592027858912984
21632	0.05443468924775952	0.44298454811830074	0.5025807626339396
21633	0.2265187384492197	0.33908155268199175	0.4343997088687887
21634	0.35552458585512564	0.47362376497379927	0.1708516491710752
21635	0.124542440657553	0.7633847936953916	0.11207276564705548
21636	0.19972966054436334	0.5658301459207763	0.23444019353486034
21637	0.16560500800397301	0.6325403099512089	0.20185468204481796
21638	0.20814143422539408	0.5912954404886478	0.20056312528595824
21639	0.0927756265978087	0.7307765129954635	0.17644786040672775
21640	0.11775540703745702	0.6744100394082001	0.2078345535543429
21641	0.14272703034941667	0.7398781081702785	0.11739486148030469
21642	0.09547410307104016	0.7072382838701173	0.19728761305884254
21643	0.2506337756920882	0.6328389424017544	0.11652728190615728
21644	0.23372865844113044	0.653545625241508	0.11272571631736149
21645	0.1979739261657737	0.540804903959882	0.2612211698743443
21646	0.2758282996663614	0.4398919213740366	0.28427977895960194
21647	0.11274954476079287	0.7756014504040194	0.1116490048351878
21648	0.26828319292883684	0.44405750898940727	0.2876592980817559
21649	0.2891356335045863	0.6321926309150906	0.07867173558032306
21650	0.15444587612662877	0.40084470073679473	0.44470942313657646
21651	0.20299154656542587	0.5637436281356195	0.23326482529895465
21652	0.24006469316181836	0.6391526723611681	0.12078263447701361
21653	0.1550794460640651	0.650266797673089	0.19465375626284587
21654	0.16670160464857822	0.6959337675081438	0.13736462784327788
21655	0.13363398075296354	0.7501474932551679	0.11621852599186856
21656	0.15982878748789234	0.7362193622223955	0.10395185028971222
21657	0.06878416918139342	0.38530219842534424	0.5459136323932623
21658	0.07763803703308113	0.41548267104611863	0.5068792919208002
21659	0.1936400693202646	0.6140623531464166	0.1922975775333189
21660	0.17028749405467222	0.6538791304704432	0.1758333754748845
21661	0.06153281509608039	0.3770732323060085	0.5613939525979111
21662	0.15658694140596832	0.70633512265383	0.1370779359402017
21663	0.2467481567505397	0.6201671072657121	0.13308473598374812
21664	0.10540907998978687	0.6545345812012267	0.2400563388089866
21665	0.20881995057848832	0.6232933363956762	0.16788671302583535
21666	0.10545017604345813	0.7949491996160115	0.09960062434053048
21667	0.1963535491958496	0.5331395397271126	0.2705069110770379
21668	0.43654154302781883	0.45358277791673424	0.109875679055447
21669	0.23312406139334604	0.6063807458863743	0.1604951927202798
21670	0.13163712691349969	0.6746595145715406	0.19370335851495968
21671	0.09278772581115531	0.725585717520372	0.18162655666847285
21672	0.12698579128948637	0.6534763305864085	0.219537878124105
21673	0.21770746375416353	0.5833292960660007	0.19896324017983558
21674	0.38055074370565745	0.4886998966995924	0.13074935959475018
21675	0.10131233879552941	0.7638723295131623	0.13481533169130833
21676	0.1202955171063461	0.7174463423337861	0.16225814055986773
21677	0.1526695674246814	0.7338156328393151	0.11351479973600358
21678	0.1575966159348016	0.370758142846427	0.47164524121877144
21679	0.08200205395379716	0.5359072524630878	0.38209069358311515
21680	0.2259492643199458	0.6484818444676826	0.12556889121237155
21681	0.22975376581118448	0.6572894931603747	0.11295674102844071
21682	0.1987758709847439	0.5220002117248176	0.2792239172904385
21683	0.1446507960070744	0.7114679745870643	0.1438812294058612
21684	0.4199008778782454	0.48766757287856716	0.09243154924318737
21685	0.3332408026143693	0.5535543923273964	0.11320480505823437
21686	0.2561782485801168	0.6361268856869291	0.10769486573295406
21687	0.28565377490940147	0.5874830415745366	0.12686318351606185
21688	0.13757910005187823	0.5329888435897799	0.32943205635834166
21689	0.20076242303484407	0.6395749899199382	0.1596625870452177
21690	0.29145399442865466	0.5985423627065078	0.1100036428648375
21691	0.35981881549077793	0.4771368718757907	0.16304431263343136
21692	0.16878084807491714	0.5288124707891223	0.3024066811359604
21693	0.07341572756008181	0.3566796869320963	0.569904585507822
21694	0.1471122633761751	0.5546956438926061	0.2981920927312187
21695	0.44471403747454996	0.4768073521538705	0.07847861037157956
21696	0.0697917779621866	0.8488101760112752	0.08139804602653843
21697	0.15658694140596832	0.70633512265383	0.1370779359402017
21698	0.12427080195544234	0.7744897480745685	0.10123944996998914
21699	0.14412407821750328	0.7289332979694576	0.1269426238130391
21700	0.13763540086193374	0.6049817836834652	0.25738281545460096
21701	0.31620393706073635	0.6055448418832445	0.07825122105601927
21702	0.18000743342707867	0.6518288346903938	0.16816373188252745
21703	0.17333450931433722	0.5922425597447148	0.2344229309409479
21704	0.2749606325798321	0.5183331003258388	0.20670626709432915
21705	0.18189635769473692	0.5437161160762704	0.27438752622899265
21706	0.25589809053905	0.6016381941052105	0.1424637153557394
21707	0.20477585091752162	0.6821668041014458	0.11305734498103244
21708	0.13509462582388307	0.5136497603442002	0.3512556138319167
21709	0.07363675839519986	0.5419115470424126	0.3844516945623874
21710	0.11554948884460403	0.47446231946401923	0.4099881916913766
21711	0.27093900063590604	0.6050018004011539	0.12405919896294008
21712	0.3241525586922355	0.5115162035027866	0.16433123780497794
21713	0.3266562572647537	0.578629705004143	0.09471403773110319
21714	0.10729461702602527	0.7079965760072059	0.18470880696676872
21715	0.2643196543089679	0.6128548236096313	0.12282552208140061
21716	0.30105576995060646	0.5557189617972983	0.14322526825209528
21717	0.221433714376678	0.5935427469707396	0.1850235386525824
21718	0.1828213211801687	0.605059465460628	0.21211921335920322
21719	0.09712931951672184	0.34787887633456877	0.5549918041487095
21720	0.11019909068384041	0.6247382816631967	0.26506262765296285
21721	0.11977920753476982	0.668826724807531	0.21139406765769908
21722	0.10953556081867288	0.6858703838300487	0.2045940553512783
21723	0.11579572411727357	0.6909384779527902	0.1932657979299364
21724	0.3135666634013764	0.5874049474164718	0.09902838918215177
21725	0.1651760202039926	0.38367486648489785	0.4511491133111096
21726	0.3138914958608993	0.5346244285221652	0.15148407561693553
21727	0.31933688184317066	0.4006411610135039	0.2800219571433255
21728	0.29455282769256125	0.5181102917521136	0.18733688055532513
21729	0.1622761312620108	0.5685279244756893	0.2691959442622999
21730	0.1758082083161813	0.56601426949701	0.25817752218680884
21731	0.23051694635290795	0.6161593540506847	0.15332369959640732
21732	0.1190975496582057	0.7371879269286875	0.1437145234131069
21733	0.15859951765757863	0.6718246826596852	0.1695757996827361
21734	0.13102725119301037	0.7397610479049668	0.12921170090202283
21735	0.345065721258299	0.5709897107955572	0.08394456794614384
21736	0.2267793192948326	0.2875656248448098	0.4856550558603576
21737	0.14168206971466643	0.5539719876800889	0.3043459426052446
21738	0.06346309272837106	0.8572651489277052	0.07927175834392365
21739	0.19259225865773977	0.6776784662356908	0.12972927510656942
21740	0.1861638388533283	0.6428937425943683	0.1709424185523034
21741	0.180169421152817	0.6553665594012236	0.16446401944595937
21742	0.3049267686730844	0.42371987237566516	0.27135335895125046
21743	0.18240173364864343	0.6976750254248083	0.11992324092654816
21744	0.24864074968462427	0.5877344877507892	0.16362476256458658
21745	0.14878435804069956	0.7375432729669856	0.11367236899231485
21746	0.14155445978710532	0.744376104691165	0.11406943552172977
21747	0.09787119039447638	0.5934870615521896	0.308641748053334
21748	0.15014485972261524	0.4927814367054257	0.35707370357195906
21749	0.22069461163440737	0.5664915663517821	0.2128138220138105
21750	0.25403828753884633	0.5914675891832853	0.15449412327786835
21751	0.19360259225642806	0.6541448855014428	0.15225252224212923
21752	0.12199867534725096	0.7408406121296437	0.13716071252310535
21753	0.278791567599285	0.5819347229478062	0.13927370945290884
21754	0.46761105941769987	0.3571245577707101	0.17526438281159004
21755	0.13256665189598837	0.6230204836529478	0.2444128644510638
21756	0.10375529876149399	0.7520886486073605	0.1441560526311455
21757	0.1332479855880949	0.6971398042067515	0.1696122102051536
21758	0.2485189090729835	0.6148527324851253	0.13662835844189117
21759	0.11242005645240917	0.552356197800078	0.3352237457475127
21760	0.1943560501133754	0.7098391267028489	0.0958048231837758
21761	0.2366925749228186	0.6599459934332502	0.10336143164393131
21762	0.20919205921166673	0.5422102004097569	0.2485977403785764
21763	0.15720277616755515	0.4431638544282315	0.39963336940421335
21764	0.2798428150997296	0.6052408252020816	0.11491635969818881
21765	0.12742792888725052	0.7552046429910009	0.11736742812174861
21766	0.2530597940433079	0.6279203732389612	0.11901983271773076
21767	0.17399282385650147	0.6958996432665508	0.1301075328769477
21768	0.1638710965212589	0.7192755546417234	0.11685334883701774
21769	0.18378898777188066	0.7026858003791591	0.11352521184896029
21770	0.22805473392187628	0.5900732797692757	0.18187198630884802
21771	0.227212132186176	0.6787686771487929	0.09401919066503132
21772	0.07754042029854795	0.508125181334056	0.4143343983673959
21773	0.28817088723325573	0.5021642204139588	0.20966489235278543
21774	0.20286315587329906	0.6938421892358592	0.10329465489084182
21775	0.2634016837928472	0.6157272885223013	0.12087102768485151
21776	0.2517662229111564	0.4657342587926106	0.2824995182962331
21777	0.11480212854252535	0.798037544489572	0.08716032696790259
21778	0.2639449165131302	0.6466304027657478	0.08942468072112215
21779	0.33216761854866467	0.5637016061313557	0.10413077531997966
21780	0.159856733556672	0.6851207746304072	0.15502249181292083
21781	0.1917685510918654	0.6368085234333086	0.17142292547482588
21782	0.2706784810500721	0.6338502608287236	0.09547125812120426
21783	0.1866966995239554	0.6939347072879493	0.11936859318809527
21784	0.17381596084266893	0.6711939531857777	0.1549900859715534
21785	0.2073213221622102	0.624894240488716	0.1677844373490737
21786	0.1871261376019381	0.6247285097316766	0.18814535266638535
21787	0.2179847949308318	0.5728075768125903	0.20920762825657768
21788	0.12338609096895627	0.6132742769758549	0.2633396320551888
21789	0.32557489052021676	0.5382378353301153	0.13618727414966803
21790	0.14134025898399474	0.5809152043281506	0.27774453668785454
21791	0.2166665735973156	0.576750951447067	0.20658247495561743
21792	0.23935943692015763	0.562864600701707	0.19777596237813536
21793	0.08729508762633327	0.8163451738157971	0.09635973855786968
21794	0.16996499392263575	0.7178779290781397	0.11215707699922467
21795	0.4190104102142182	0.3900979826567566	0.19089160712902517
21796	0.3941749632088263	0.39733239761557665	0.20849263917559702
21797	0.2717138642034977	0.5814917813017022	0.14679435449480008
21798	0.6536868008046494	0.2609781977372276	0.08533500145812306
21799	0.05672246306897857	0.5618289719612494	0.3814485649697721
21800	0.06865760693320379	0.5936209567060237	0.3377214363607724
21801	0.31563280215500833	0.47392428203086584	0.2104429158141258
21802	0.12696672901565179	0.7255718201547188	0.14746145082962955
21803	0.16189383691576376	0.7007243815674261	0.1373817815168101
21804	0.21941528785079292	0.5785129490699084	0.20207176307929875
21805	0.17112652683161658	0.6566174048724531	0.1722560682959304
21806	0.16714396167257398	0.7174075664999376	0.11544847182748841
21807	0.2723715149268884	0.6015734440800358	0.12605504099307577
21808	0.23783004116098952	0.6397213439892893	0.1224486148497211
21809	0.31240931669678457	0.5423563371462322	0.14523434615698316
21810	0.23192889158103705	0.6256486251630307	0.14242248325593232
21811	0.2437646768823667	0.5544113683139102	0.20182395480372303
21812	0.4566238245677261	0.42196408306780403	0.12141209236446981
21813	0.23978163616463544	0.5597763283818047	0.20044203545355996
21814	0.16974804310473732	0.7067835676423115	0.1234683892529511
21815	0.07791789366811598	0.5748006296679439	0.3472814766639402
21816	0.12262612238503284	0.705896817283764	0.17147706033120305
21817	0.11258833357816751	0.7578190836872092	0.12959258273462335
21818	0.38872734061447356	0.37821661990615457	0.23305603947937184
21819	0.3661369784935758	0.4304853880512353	0.2033776334551888
21820	0.1362252555125923	0.7374852216497426	0.12628952283766506
21821	0.1847950854142291	0.6630515051494271	0.1521534094363439
21822	0.2575206073878327	0.5846668803862968	0.15781251222587042
21823	0.109761012735428	0.6080932424516746	0.2821457448128973
21824	0.3233267881513514	0.47989470496621783	0.1967785068824307
21825	0.268344439494229	0.5856202866498327	0.14603527385593826
21826	0.30227787096844966	0.5573827116685149	0.14033941736303532
21827	0.3527981499127492	0.489381847267156	0.15782000282009487
21828	0.18283590044170786	0.7125005493457358	0.10466355021255637
21829	0.13619211311287732	0.6723759236965273	0.19143196319059544
21830	0.18392957489119563	0.6130197635720509	0.20305066153675347
21831	0.3291710103659589	0.48805795362780885	0.18277103600623223
21832	0.15791734676146132	0.7579465549680884	0.08413609827045017
21833	0.4947303885722696	0.41120629844076045	0.09406331298696997
21834	0.09934315730582732	0.622326896622763	0.27832994607140965
21835	0.16042617988518867	0.6381099272139752	0.2014638929008361
21836	0.26048432944361233	0.6179614443078866	0.1215542262485011
21837	0.11575080091307595	0.5184206967212545	0.3658285023656695
21838	0.1845460815855817	0.6297997963178411	0.18565412209657706
21839	0.197911383764137	0.3063461619444611	0.49574245429140174
21840	0.21809667534407054	0.6510690800003265	0.13083424465560295
21841	0.09021705414198396	0.7388916452282496	0.17089130062976657
21842	0.11106300684741859	0.5713538275641475	0.31758316558843386
21843	0.12239899507900602	0.6132637883501001	0.2643372165708938
21844	0.06346309272837106	0.8572651489277052	0.07927175834392365
21845	0.22618589354005905	0.6839798236804114	0.08983428277952933
21846	0.27940167732001603	0.5575222548276101	0.16307606785237394
21847	0.28375563267555876	0.5758551151138097	0.1403892522106315
21848	0.24316786734800844	0.6289013269170877	0.12793080573490392
21849	0.08757998638265051	0.44289174555407956	0.4695282680632699
21850	0.26143404485780986	0.6478353689928666	0.0907305861493235
21851	0.1906437978717642	0.7012490386308766	0.10810716349735915
21852	0.1708349265222727	0.6122589371735888	0.21690613630413844
21853	0.21891679814654072	0.6365291119608973	0.14455408989256194
21854	0.23912500193066358	0.5853856810379651	0.17548931703137138
21855	0.16928844064946957	0.7022590997713666	0.1284524595791637
21856	0.19312570133838514	0.6563893713696275	0.15048492729198729
21857	0.12368624341731789	0.5105293804164904	0.36578437616619164
21858	0.23937398662713305	0.5652306836696109	0.19539532970325593
21859	0.2643912349577086	0.5686898894146147	0.1669188756276767
21860	0.08612056313413868	0.5508472127854404	0.3630322240804209
21861	0.13166674242390472	0.6445528162359745	0.22378044134012076
21862	0.17790507674765	0.41732324617674826	0.4047716770756018
21863	0.26964587547640156	0.48964073340285524	0.24071339112074316
21864	0.253544598742013	0.42147316186897776	0.3249822393890092
21865	0.1955237731797176	0.3959663212712259	0.4085099055490565
21866	0.42673693382196687	0.4855358770420976	0.08772718913593554
21867	0.17396844921668286	0.6707541910815665	0.15527735970175063
21868	0.14934236184301516	0.663927874191918	0.1867297639650669
21869	0.12924734605277347	0.6563954661213466	0.21435718782587998
21870	0.07940193092614524	0.744395509340645	0.17620255973320975
21871	0.26068174269878625	0.43964643767695794	0.2996718196242559
21872	0.22991242577468737	0.6503113194684297	0.11977625475688296
21873	0.30499985307498173	0.547091784796155	0.14790836212886335
21874	0.3212910723983371	0.5366731347778898	0.14203579282377315
21875	0.3827911617800506	0.4561451863449786	0.16106365187497076
21876	0.2273275513557245	0.5985166510852563	0.1741557975590192
21877	0.09931420772446624	0.5259353348814791	0.37475045739405455
21878	0.1503922411767278	0.7041717082362763	0.1454360505869959
