40860	0.13883183223275317	0.5181046971572602	0.3430634706099867
40861	0.21474970943252517	0.5552480015717256	0.23000228899574923
40862	0.3683084413133865	0.4884053945170479	0.14328616416956563
40863	0.27222438311619584	0.5102178851039926	0.21755773177981155
40864	0.13541105901258782	0.4604775876886658	0.40411135329874637
40865	0.13046970307940053	0.5772022338460078	0.29232806307459164
40866	0.2865333368453473	0.5361340820899837	0.1773325810646689
40867	0.1330138392531651	0.36701322512800205	0.4999729356188329
40868	0.4056584139236665	0.42157205788188357	0.17276952819444988
40869	0.18322670720850054	0.4661664274407991	0.35060686535070035
40870	0.35117141607604707	0.50700201877735	0.14182656514660294
40871	0.28161039181711056	0.6074150972465119	0.11097451093637754
40872	0.12301231244712814	0.4933232535660008	0.38366443398687106
40873	0.29363954587799057	0.5010697042495571	0.20529074987245224
40874	0.5363657556002118	0.33694761174271165	0.12668663265707658
40875	0.5050195503872045	0.397603248505356	0.09737720110743946
40876	0.10598112891219069	0.47587254664595285	0.41814632444185645
40877	0.2234916311852304	0.45168628005948674	0.3248220887552829
40878	0.3053137675719538	0.4784112272252187	0.2162750052028275
40879	0.3471720901483532	0.572545735454784	0.08028217439686279
40880	0.15199957149227208	0.5909474765556303	0.2570529519520977
40881	0.21127896137364424	0.5672836053510252	0.2214374332753306
40882	0.08363802899819223	0.36315808371293984	0.5532038872888679
40883	0.15435041312305317	0.6039995961920052	0.2416499906849416
40884	0.2545915919531898	0.5454492243620702	0.19995918368474008
40885	0.31806947095689664	0.42977832943696465	0.2521521996061387
40886	0.36483341146684595	0.37759090011041146	0.25757568842274253
40887	0.21681906319573652	0.6333001784784721	0.14988075832579126
40888	0.2883522782641212	0.5710095797704824	0.14063814196539642
40889	0.3028527578191354	0.5851003837756006	0.112046858405264
40890	0.15397452584172694	0.5294169249579243	0.3166085492003489
40891	0.2765406121816036	0.559842203410595	0.16361718440780149
40892	0.38405746235125005	0.5273478651887733	0.08859467245997658
40893	0.1528816470950101	0.53181440507277	0.31530394783222
40894	0.3185364217763514	0.4954157912879353	0.18604778693571325
40895	0.3238882318766303	0.44457603111246735	0.23153573701090244
40896	0.4635066669464088	0.41290564725385687	0.12358768579973427
40897	0.2814374375262682	0.6177582020710574	0.10080436040267444
40898	0.34600010755227184	0.5336162112743067	0.12038368117342142
40899	0.4890614615769735	0.39788150104042347	0.11305703738260314
40900	0.1510672615592601	0.6049930178325651	0.24393972060817473
40901	0.23787619918474212	0.6493635982717697	0.11276020254348822
40902	0.1090068923775059	0.6039846631194753	0.2870084445030187
40903	0.2453196992112732	0.6245627740063027	0.13011752678242416
40904	0.254976327792823	0.5788985666936685	0.1661251055135086
40905	0.33212895972133266	0.5566091175694797	0.1112619227091876
40906	0.20968285812052245	0.49228379771313974	0.29803334416633787
40907	0.14887069802164846	0.41928783564632277	0.43184146633202874
40908	0.3136006812263194	0.5106111753320876	0.17578814344159296
40909	0.18992656396607652	0.328928795210729	0.4811446408231945
40910	0.17608550675445314	0.4813837653429158	0.34253072790263106
40911	0.3110886159658092	0.47779658970724315	0.21111479432694766
40912	0.350807766430925	0.5379039864175023	0.11128824715157275
40913	0.15435041312305317	0.6039995961920052	0.2416499906849416
40914	0.14744011184021125	0.4712019609662852	0.38135792719350353
40915	0.24877555578040791	0.3851864991469409	0.3660379450726512
40916	0.22553231899671766	0.6913929615664701	0.08307471943681215
40917	0.18245068993003577	0.5461830846789031	0.2713662253910611
40918	0.45273946391330117	0.46755726100719647	0.07970327507950241
40919	0.2478705141233921	0.5666923366209691	0.18543714925563884
40920	0.20827267658238935	0.5532122838680075	0.23851503954960318
40921	0.23730373468463148	0.6112690003865534	0.15142726492881517
40922	0.11419806907456824	0.3791236865220731	0.5066782444033585
40923	0.1634260980556952	0.5254675146020785	0.31110638734222634
40924	0.20089942766272628	0.5621464810591416	0.2369540912781322
40925	0.15664402343041525	0.47283984680155866	0.3705161297680261
40926	0.15789889741806182	0.3796102652041158	0.4624908373778223
40927	0.2110927468338227	0.3689067476629522	0.42000050550322515
40928	0.2751566568162022	0.5991918482610685	0.12565149492272923
40929	0.2244926134539911	0.6643577075443955	0.11114967900161332
40930	0.20890704033802635	0.6653793601752699	0.12571359948670377
40931	0.3318464919285086	0.5537785808655845	0.11437492720590685
40932	0.3496071006885224	0.5681339678696272	0.0822589314418504
40933	0.14818769037885826	0.3925339138161335	0.45927839580500823
40934	0.19457482688928948	0.5000364866686299	0.3053886864420807
40935	0.465072587473178	0.4203146991406328	0.11461271338618921
40936	0.24794785105650283	0.44097028542411043	0.31108186351938677
40937	0.21397573167465955	0.35532309694208947	0.43070117138325087
40938	0.11419806907456824	0.3791236865220731	0.5066782444033585
40939	0.1872508640012064	0.5718945909173722	0.24085454508142148
40940	0.13881159668628007	0.4916074064943332	0.3695809968193868
40941	0.27050227993441855	0.46256290536502004	0.2669348147005614
40942	0.24435260305290551	0.6599876422407247	0.09565975470636982
40943	0.3102765610577206	0.4980903544690228	0.19163308447325655
40944	0.18175861861306497	0.441779029218149	0.37646235216878604
40945	0.320617347913552	0.5571851971229997	0.12219745496344832
40946	0.30440562439014635	0.5426547198123653	0.15293965579748833
40947	0.33896055025867716	0.4123442507106712	0.24869519903065163
40948	0.4667597007857595	0.3670162315595451	0.16622406765469538
40949	0.1809787791872642	0.5652666160042711	0.25375460480846473
40950	0.21788132241694183	0.6797679224965654	0.10235075508649281
40951	0.43699813078355576	0.3335641698468739	0.22943769936957029
40952	0.37825600232647916	0.37618781239583643	0.2455561852776844
40953	0.24287207557409896	0.6790317535743968	0.0780961708515042
40954	0.16715519756595745	0.6671434887602136	0.16570131367382893
40955	0.11243534513192195	0.36559546339349897	0.5219691914745791
40956	0.21942745356144036	0.40135755746298546	0.3792149889755742
40957	0.1927216697723321	0.4526441030991195	0.3546342271285483
40958	0.2019210235586871	0.5639684785511219	0.234110497890191
40959	0.2892933385714513	0.5901568640111713	0.12054979741737744
40960	0.38023559542417124	0.4831787780235257	0.13658562655230297
40961	0.10471291391821574	0.42473303307329485	0.47055405300848935
40962	0.12642743833136139	0.46535974530696106	0.4082128163616776
40963	0.3562293226380387	0.5494710079043834	0.0942996694575779
40964	0.2355477152079963	0.6029769803153326	0.161475304476671
40965	0.24236949567290633	0.47293387957989447	0.2846966247471992
40966	0.358723852537526	0.5417767600020805	0.09949938746039355
40967	0.1561450351516054	0.5814473681849185	0.2624075966634762
40968	0.24597184504397726	0.6423526486200041	0.1116755063360186
40969	0.30764420193321634	0.6105801570975093	0.08177564096927435
40970	0.14943722069329998	0.30765105276864535	0.5429117265380548
40971	0.24387051504365206	0.6424105725555387	0.11371891240080927
40972	0.19701670848035924	0.5164408177993152	0.2865424737203256
40973	0.1737760179554755	0.42965027246604653	0.3965737095784778
40974	0.1889630390296878	0.5883740053228103	0.22266295564750185
40975	0.4170138780856711	0.4702999793368874	0.11268614257744158
40976	0.17561274608045419	0.42004427105740283	0.40434298286214304
40977	0.2725643978258733	0.41230379049638227	0.31513181167774446
40978	0.16022917989396743	0.5316077106744787	0.30816310943155384
40979	0.23396451812686636	0.39763456184776236	0.3684009200253713
40980	0.223736337501844	0.4221612899372209	0.3541023725609351
40981	0.3481537838124144	0.5102032523723022	0.14164296381528343
40982	0.1776720931012348	0.4968849518182677	0.3254429550804974
40983	0.27757782465020997	0.5576454699299837	0.16477670541980652
40984	0.19950738857321348	0.45076624656601805	0.3497263648607685
40985	0.32949522207453036	0.4571199693030114	0.21338480862245826
40986	0.22299533562179244	0.4231481770292158	0.3538564873489917
40987	0.22808858385101827	0.6340375123313794	0.13787390381760237
40988	0.12636814564269236	0.47925598801046715	0.39437586634684046
40989	0.2203880353784423	0.5740389090395656	0.20557305558199224
40990	0.1436489733797954	0.46210413594828875	0.3942468906719159
40991	0.09302978350984226	0.48489035567787847	0.42207986081227933
40992	0.3364774898886849	0.5505324343861554	0.11299007572515958
40993	0.3221823590811491	0.534669381312128	0.14314825960672298
40994	0.15097946475578314	0.34114529162287366	0.5078752436213433
40995	0.21572743831190802	0.6479455142059861	0.13632704748210592
40996	0.2924536881559743	0.5365953900361005	0.17095092180792534
40997	0.4604546496511494	0.4483974831658964	0.09114786718295427
40998	0.38937122646302247	0.498671096488644	0.11195767704833347
40999	0.16324508672562385	0.47799910478873125	0.35875580848564487
41000	0.1776502364240832	0.6322855080021516	0.1900642555737652
41001	0.39171100560429517	0.5024614875064634	0.10582750688924147
41002	0.28306510480734687	0.3706395020852192	0.3462953931074339
41003	0.21883590136738876	0.6547187296826275	0.12644536894998376
41004	0.15729439882079285	0.4309553179789907	0.4117502832002164
41005	0.1902034069237916	0.5835432021158783	0.22625339096033015
41006	0.4496220184074163	0.3730988345657921	0.1772791470267916
41007	0.35468257419665167	0.5065242723424072	0.13879315346094126
41008	0.286463399622857	0.43549868163076555	0.27803791874637745
41009	0.11537985912515562	0.3542662490952379	0.5303538917796065
41010	0.3084255946704089	0.37309614614468645	0.3184782591849045
41011	0.1897976162271656	0.6431592907383389	0.16704309303449547
41012	0.4177459382844429	0.4578176714990181	0.12443639021653885
41013	0.19733169769137268	0.45152872805567373	0.35113957425295367
41014	0.19954191586605696	0.497076852284511	0.30338123184943216
41015	0.3416517608203477	0.4077630415041871	0.25058519767546517
41016	0.2814854117054904	0.6135687437003939	0.10494584459411567
41017	0.285456582009719	0.4754719881037262	0.2390714298865547
41018	0.38466030635587295	0.42109252126508306	0.19424717237904407
41019	0.13412703597019593	0.4643744052124938	0.40149855881731034
41020	0.3845167541471915	0.46182965705161844	0.15365358880119015
41021	0.09998670363015506	0.42535637988041586	0.47465691648942904
41022	0.3075460079430762	0.5733149868337272	0.11913900522319665
41023	0.13067606938138288	0.3295311332096487	0.5397927974089685
41024	0.13125061513880887	0.38888914508216615	0.47986023977902487
41025	0.3620820533836651	0.4209493746348496	0.21696857198148523
41026	0.19383182574890104	0.6490021128033933	0.15716606144770573
41027	0.15594828919056328	0.4395344897115352	0.4045172210979015
41028	0.15330823559526396	0.4129456074761291	0.43374615692860696
41029	0.18836604441824	0.45372994543514505	0.35790401014661494
41030	0.32884667442381227	0.5144254127029638	0.156727912873224
41031	0.15221173644646635	0.4247107933912049	0.4230774701623288
41032	0.11243534513192195	0.36559546339349897	0.5219691914745791
41033	0.11558167881461666	0.4303812163404583	0.45403710484492504
41034	0.12172651136002993	0.44423642384999545	0.43403706478997456
41035	0.3295178370701052	0.5472675877137695	0.12321457521612528
41036	0.23146623118789997	0.5599148291146523	0.20861893969744774
41037	0.3131856692964822	0.4314316843077157	0.255382646395802
41038	0.2025585407444941	0.5109055127104943	0.28653594654501163
41039	0.3021775551033257	0.5833772070299372	0.11444523786673706
41040	0.21586921247412913	0.446692588097245	0.3374381994286259
41041	0.11089571286163284	0.3670919231520731	0.5220123639862941
41042	0.16279729643692192	0.6374551616541906	0.19974754190888752
41043	0.13902382969312094	0.5879575011432551	0.27301866916362405
41044	0.3710235979677523	0.52833516497744	0.1006412370548076
41045	0.23382954083121624	0.5135730044468035	0.2525974547219801
41046	0.23822205148389694	0.46740207764933345	0.2943758708667697
41047	0.37846635844302745	0.5422899933283039	0.07924364822866864
41048	0.4812975295378063	0.38298026926841494	0.13572220119377879
41049	0.2953995995280854	0.5045683189053648	0.2000320815665497
41050	0.19423009847484515	0.4993600086532794	0.3064098928718755
41051	0.4252204325781554	0.4485485333279888	0.12623103409385597
41052	0.2635542915378189	0.6193529789725439	0.11709272948963727
41053	0.4719856296415503	0.4382511561810727	0.08976321417737704
41054	0.24616259969020582	0.6392116491779981	0.114625751131796
41055	0.3236001643863235	0.4462042391312335	0.23019559648244306
41056	0.14176871692711643	0.4620367537232828	0.3961945293496008
41057	0.2639616935563515	0.4659026487211208	0.2701356577225277
41058	0.289591611980393	0.5080764786930326	0.2023319093265743
41059	0.2862763832111623	0.4146309384230764	0.29909267836576126
41060	0.20532642369740958	0.5973692698021056	0.19730430650048478
41061	0.13649244619875125	0.49108876526638073	0.372418788534868
41062	0.23377934880588933	0.4914965316315254	0.27472411956258536
41063	0.4298364692627774	0.43400257507033485	0.13616095566688777
41064	0.24489065507603272	0.6366017506440572	0.11850759427991013
41065	0.1296379782792508	0.43648657869591895	0.43387544302483033
41066	0.21683387339826088	0.5925217454994357	0.19064438110230353
41067	0.1979773669133074	0.5455186733728089	0.25650395971388384
41068	0.35381932848629094	0.5193091036692205	0.12687156784448864
41069	0.3891783516319924	0.4600732681973662	0.15074838017064143
41070	0.12814729277627843	0.47436867885332984	0.39748402837039176
41071	0.3845167541471915	0.46182965705161844	0.15365358880119015
41072	0.48957453664880807	0.40497417220816306	0.10545129114302881
41073	0.20310805578047816	0.507636482523401	0.2892554616961208
41074	0.18161263140393555	0.7216189857014813	0.09676838289458316
41075	0.33360724553993215	0.5462756315003138	0.12011712295975412
41076	0.35718980285388485	0.42697692137091386	0.21583327577520128
41077	0.27899722682027717	0.6121465960628231	0.10885617711689984
41078	0.2698033587073246	0.5242070407272994	0.20598960056537607
41079	0.4114944783995902	0.4401252388213262	0.14838028277908366
41080	0.16469794663071655	0.5909833495851645	0.24431870378411888
41081	0.26384679227410746	0.3985364265528894	0.33761678117300303
41082	0.4544750412494025	0.40262751197257063	0.14289744677802682
41083	0.18228062063421155	0.5664762651470275	0.251243114218761
41084	0.32883405668050125	0.5478844570593259	0.12328148626017284
41085	0.21074667974987846	0.5137602101798248	0.27549311007029675
41086	0.48294549479229065	0.39426383967218764	0.12279066553552176
41087	0.1799980444103746	0.4059911604465573	0.4140107951430682
41088	0.1719291669606041	0.49471820372868347	0.33335262931071247
41089	0.21125123039390095	0.4831054396432392	0.30564332996285987
41090	0.19987574241293826	0.6957142717273531	0.1044099858597086
41091	0.1183474428328501	0.4575799320578769	0.424072625109273
41092	0.1585071632365262	0.36606060686335323	0.4754322299001206
41093	0.2921867800272862	0.5427141614480212	0.16509905852469256
41094	0.2793719453246511	0.6000865164353023	0.12054153824004661
41095	0.21700978455800302	0.5074718108129063	0.2755184046290908
41096	0.13391507225056962	0.5543566212951001	0.31172830645433036
41097	0.3977591558411006	0.4893438599187239	0.11289698424017543
41098	0.2723865617093979	0.5856174561069053	0.14199598218369672
41099	0.2762800919584407	0.6150880568065012	0.10863185123505802
41100	0.11243534513192195	0.36559546339349897	0.5219691914745791
41101	0.19379386382303102	0.4195935631164365	0.38661257306053254
41102	0.17745284896950245	0.566070265703042	0.25647688532745555
41103	0.2806486304187813	0.47097201748484946	0.24837935209636916
41104	0.3256971995604505	0.49476567332893967	0.1795371271106098
41105	0.22808858385101827	0.6340375123313794	0.13787390381760237
41106	0.37183030336533657	0.5015404162281236	0.12662928040653978
41107	0.24415351072745217	0.5285665006689585	0.22727998860358936
41108	0.1030550487520205	0.4486707981670311	0.4482741530809484
41109	0.26224790868748915	0.6071401788212353	0.13061191249127557
41110	0.2783276014702373	0.6000445684612016	0.12162783006856116
41111	0.23176928296958885	0.5772545795548888	0.1909761374755223
41112	0.30123378521859423	0.5978534887081857	0.10091272607322006
41113	0.21224105539067306	0.6469206131450069	0.14083833146432012
41114	0.5618951664734836	0.3336536739579976	0.10445115956851884
41115	0.475657911776906	0.4209839267381414	0.10335816148495258
41116	0.12978922762702835	0.5396799823661256	0.33053079000684604
41117	0.15796921264320093	0.3677871318115389	0.47424365554526027
41118	0.39140843327720876	0.468289544738896	0.14030202198389521
41119	0.2171026033760828	0.4858568239987118	0.2970405726252054
41120	0.37150727610940937	0.488271150218059	0.1402215736725316
41121	0.1291032079817963	0.46877918004884694	0.4021176119693568
41122	0.4203569628009383	0.4687004960197852	0.11094254117927647
41123	0.13358397702290872	0.3788264957274845	0.48758952724960675
41124	0.11243534513192195	0.36559546339349897	0.5219691914745791
41125	0.16808670548585117	0.46479373607325547	0.36711955844089345
41126	0.2589371946314138	0.41791464852982235	0.32314815683876397
41127	0.41295366037999265	0.39898703010420905	0.1880593095157983
41128	0.37297109136756285	0.5486893618992167	0.0783395467332204
41129	0.14247079489226278	0.687238826822962	0.17029037828477525
41130	0.14959581276812728	0.44306874069101365	0.4073354465408592
41131	0.2775158086249178	0.5146856040364113	0.20779858733867085
41132	0.1667525481093695	0.4270840735317399	0.40616337835889055
41133	0.27790225572525445	0.6345101881267183	0.08758755614802725
41134	0.3141715543506392	0.4472693159478606	0.23855912970150026
41135	0.14943722069329998	0.30765105276864535	0.5429117265380548
41136	0.2778464227791634	0.5388698668156202	0.1832837104052164
41137	0.353372070406129	0.4588176275295826	0.18781030206428836
41138	0.22166163695338306	0.38653002803352526	0.3918083350130917
41139	0.14943722069329998	0.30765105276864535	0.5429117265380548
41140	0.5020142974471585	0.4009310864198876	0.09705461613295376
41141	0.1973461069194559	0.4204087285417799	0.38224516453876417
41142	0.3407840156022864	0.533874073751344	0.12534191064636965
41143	0.16284299019779777	0.558219616255931	0.2789373935462712
41144	0.3084934387308545	0.6028208646060537	0.08868569666309178
41145	0.17703764844838435	0.4229189930670099	0.4000433584846057
41146	0.2893783235277813	0.5451807573351733	0.1654409191370453
41147	0.2411096047319107	0.4536991079761104	0.30519128729197886
41148	0.38521953555741906	0.36731735927786185	0.24746310516471906
41149	0.3287836962947295	0.5565331529969488	0.11468315070832169
41150	0.27440657335461077	0.6323187175007359	0.0932747091446533
41151	0.22520273343322048	0.5131753529348996	0.2616219136318799
41152	0.11481882803563602	0.45314150088019295	0.43203967108417096
41153	0.23225482479886705	0.38650788165665984	0.38123729354447317
41154	0.3124624550109564	0.6040159918971173	0.08352155309192628
41155	0.1572992660513427	0.49203732737492456	0.35066340657373285
41156	0.11737732250426547	0.34620185701021494	0.5364208204855196
41157	0.18511063511693213	0.6545338863646353	0.16035547851843265
41158	0.24136639482057587	0.4650396696213701	0.2935939355580541
41159	0.3407039460975227	0.5294042551570405	0.12989179874543688
41160	0.3756238188290038	0.4080369354365981	0.216339245734398
41161	0.16321462513002594	0.4573947611475711	0.379390613722403
41162	0.30905345233496856	0.4967072588476265	0.19423928881740496
41163	0.16385557702383707	0.5024328456606972	0.33371157731546575
41164	0.2763127055954232	0.5048060354104953	0.21888125899408153
41165	0.16910619140612423	0.4486730888384017	0.38222071975547417
41166	0.3794745878003966	0.3924424608790225	0.22808295132058076
41167	0.4882389066169987	0.42421236854443684	0.0875487248385645
41168	0.5544669492053053	0.35770048069786103	0.08783257009683361
41169	0.5354503087498196	0.3670195859192897	0.09753010533089075
41170	0.4056797262078515	0.44020721576183924	0.15411305803030928
41171	0.3024039021407522	0.44150641390910494	0.2560896839501428
41172	0.19874706414689428	0.4599063543959839	0.34134658145712177
41173	0.5194252337953443	0.382660288187796	0.0979144780168596
41174	0.21516367324226135	0.4347424585029653	0.3500938682547734
41175	0.38111306863083594	0.4735770361915832	0.1453098951775809
41176	0.2106194361315595	0.5561246995209758	0.2332558643474648
41177	0.11239409887001417	0.4077674514033538	0.4798384497266321
41178	0.21171048315403954	0.6342503661861735	0.15403915065978704
41179	0.23899438160754252	0.39356797769372515	0.3674376406987323
41180	0.4622201557145919	0.4489016099182961	0.08887823436711201
41181	0.15547022955511097	0.5366193284824147	0.30791044196247436
41182	0.2283195085106112	0.584465043012918	0.18721544847647067
41183	0.19647019092481202	0.5109296928056963	0.29260011626949173
41184	0.1786290448977547	0.642822313884411	0.17854864121783434
41185	0.42519430920472595	0.4092706651879419	0.16553502560733216
41186	0.37155554256488355	0.5063153048701309	0.12212915256498558
41187	0.16028066954844458	0.29794205388283124	0.5417772765687242
41188	0.2920477949555176	0.6044892013379001	0.10346300370658229
41189	0.2803510169175171	0.45237886317418335	0.26727011990829946
41190	0.11259646138578762	0.4875003227241523	0.3999032158900602
41191	0.15113396014931035	0.4939815167570462	0.3548845230936435
41192	0.26898710417985056	0.4223909558614895	0.30862193995866
41193	0.2115634758371805	0.7043161682806577	0.08412035588216181
41194	0.3736038836906352	0.49897989574843865	0.12741622056092625
41195	0.2583179062955799	0.4964116034235872	0.2452704902808329
41196	0.24413898001474663	0.41719860877334014	0.3386624112119132
41197	0.1708730915592279	0.5420243166933881	0.287102591747384
41198	0.13991407577428314	0.42338840242380793	0.4366975218019089
41199	0.12396480151786317	0.48744001889870736	0.3885951795834295
41200	0.15110391125016007	0.48849673426123236	0.36039935448860755
41201	0.17220465988510666	0.5030457224778213	0.32474961763707194
41202	0.20040962344146948	0.34335612180858144	0.4562342547499491
41203	0.38685141072755785	0.37319136254485996	0.2399572267275822
41204	0.4625711060993635	0.43656239521399015	0.10086649868664625
41205	0.32661144450582374	0.5074765883606719	0.16591196713350437
41206	0.11243534513192195	0.36559546339349897	0.5219691914745791
41207	0.2454179245767731	0.6234392154560245	0.1311428599672023
41208	0.17810522207975396	0.49462415419922884	0.3272706237210173
41209	0.16946997516353757	0.47102186236691046	0.35950816246955203
41210	0.1548978478935404	0.3053779321014807	0.5397242200049789
41211	0.15403568096046513	0.3842991637524505	0.46166515528708435
41212	0.25469155294683515	0.6348884753900026	0.11041997166316221
41213	0.14556094923295523	0.5016481073536107	0.3527909434134342
41214	0.2202535078906429	0.5267822268557619	0.2529642652535952
41215	0.1844060562051254	0.5583502046958734	0.2572437390990012
41216	0.2857614639340639	0.6333768404362846	0.08086169562965155
41217	0.2646778272835488	0.45203782066825465	0.2832843520481965
41218	0.22673873153852678	0.6083563348999635	0.16490493356150968
41219	0.147017307635014	0.38036782653113793	0.4726148658338481
41220	0.18009133656927798	0.612046884406661	0.20786177902406103
41221	0.15811314173140437	0.6102976482360318	0.23158921003256375
41222	0.33905771077578245	0.5429522257935753	0.11799006343064233
41223	0.23264819312983231	0.4737198071987283	0.2936319996714393
41224	0.1787309532925964	0.4746238474859687	0.34664519922143494
41225	0.15536911250044186	0.46363519038986006	0.3809956971096982
41226	0.27121664981740795	0.4193759338530123	0.30940741632957974
41227	0.2818987122149133	0.5057555970150346	0.21234569077005203
41228	0.4543143846319026	0.45427336133123125	0.09141225403686613
41229	0.2586824492522069	0.5948333522325248	0.1464841985152682
41230	0.5576088111960583	0.35417569288566647	0.08821549591827538
41231	0.5384927245787595	0.37044082851019317	0.09106644691104736
41232	0.1410858435945325	0.39509354575870465	0.46382061064676283
41233	0.22154572196125422	0.44776340994511205	0.3306908680936336
41234	0.30853812658036744	0.6237179420347285	0.06774393138490419
41235	0.37623145564116234	0.47797651633284466	0.14579202802599292
41236	0.3116449225011599	0.5164948929342638	0.1718601845645763
41237	0.23448478227856365	0.4741991942128709	0.2913160235085655
41238	0.3683084413133865	0.4884053945170479	0.14328616416956563
41239	0.2612728938905021	0.5689332956943683	0.16979381041512964
41240	0.4964384053202879	0.3778152566638764	0.1257463380158358
41241	0.36607691627675915	0.47662248845683153	0.1573005952664093
41242	0.35561905701164287	0.5128918468798556	0.13148909610850157
41243	0.5108060121154306	0.3463279291851788	0.14286605869939065
41244	0.4710631464706661	0.4475922736494226	0.08134457987991124
41245	0.14565282741296598	0.6547317925250051	0.19961538006202886
41246	0.18934454030242945	0.685726965077193	0.12492849462037754
41247	0.12927296307166877	0.4415011614256665	0.4292258755026647
41248	0.1638446235759624	0.4941085442867057	0.34204683213733184
41249	0.23898944878030248	0.49140087239544344	0.26960967882425413
41250	0.3018015838520231	0.5154033569787998	0.18279505916917702
41251	0.2382462457959845	0.4190868091237107	0.3426669450803048
41252	0.16078775744808285	0.5392014364404744	0.3000108061114428
41253	0.26675793956996546	0.5583452530377436	0.17489680739229105
41254	0.26882370998746763	0.6201316509021418	0.11104463911039043
41255	0.23244364126769837	0.6936692590322765	0.07388709970002512
41256	0.14504186139976982	0.5143173888359087	0.3406407497643215
41257	0.20458871146782465	0.43330586904698715	0.3621054194851882
41258	0.22233472063840345	0.5253999420164733	0.2522653373451232
41259	0.10745531715823409	0.39632254981446624	0.4962221330272997
41260	0.18273131669921142	0.5030340422438484	0.31423464105694027
41261	0.3125266319850685	0.4966577113885193	0.19081565662641228
41262	0.27786663857262567	0.5157614320508414	0.20637192937653281
41263	0.2681107043710271	0.494002298788073	0.23788699684089995
41264	0.1044438058478323	0.5079955999098552	0.38756059424231243
41265	0.20333113321107676	0.5145337018552715	0.2821351649336518
41266	0.21993919468866344	0.5800114431902545	0.20004936212108212
41267	0.15022432044265452	0.36822991234065655	0.48154576721668896
41268	0.22808485632845263	0.5701206453169548	0.20179449835459248
41269	0.17353503888872676	0.6585322625278393	0.167932698583434
41270	0.17811296835973955	0.32008623905199346	0.5018007925882669
41271	0.2075445153842033	0.4235906049183294	0.36886487969746723
41272	0.31893968686212554	0.5131354533003063	0.16792485983756814
41273	0.3803100157009463	0.4405412321592969	0.17914875213975676
41274	0.1678945694620955	0.6620035071156906	0.17010192342221386
41275	0.2505189822427356	0.5521939750522291	0.19728704270503528
41276	0.3167422619796925	0.5665967441280944	0.11666099389221317
41277	0.29550662569240466	0.5686613003363346	0.13583207397126082
41278	0.19316384768971542	0.42973798419281994	0.37709816811746455
41279	0.14007705808095575	0.2499402773006719	0.6099826646183725
41280	0.3673032126033904	0.5525258161882709	0.08017097120833877
41281	0.11173939954852054	0.496683679134934	0.3915769213165455
41282	0.22808858385101827	0.6340375123313794	0.13787390381760237
41283	0.30109578581524743	0.5816062820470318	0.11729793213772077
41284	0.14891695575973538	0.3909752347862283	0.46010780945403623
41285	0.23037756215003122	0.49215178404521454	0.2774706538047543
41286	0.21126298297347113	0.667419403493234	0.12131761353329489
41287	0.17488928000377102	0.5254123015219211	0.29969841847430784
41288	0.31048436470867385	0.4293381762970438	0.2601774589942824
41289	0.17312786136150973	0.43617936696540544	0.39069277167308486
41290	0.38462302574399404	0.5135981345831863	0.1017788396728197
41291	0.09904543101114627	0.3350872714416451	0.5658672975472087
41292	0.3730939889653551	0.4769147883678879	0.14999122266675693
41293	0.16286985748815194	0.6242817517283151	0.21284839078353282
41294	0.27085494887112777	0.6406539927366097	0.08849105839226253
41295	0.3295145766501629	0.5526629540285627	0.11782246932127428
41296	0.3136682656572782	0.5675199658700311	0.11881176847269076
41297	0.3636080396903689	0.4304330523958355	0.20595890791379548
41298	0.28067038418366635	0.5186657292389456	0.20066388657738798
41299	0.13555925430141647	0.6621017152968437	0.20233903040173976
41300	0.21689990918787216	0.46577208504407225	0.3173280057680556
41301	0.16245333061635764	0.44207111773386915	0.3954755516497732
41302	0.19966860876443404	0.6204028302492276	0.17992856098633828
41303	0.2980640426743854	0.5590133919842367	0.14292256534137787
41304	0.24856248607618245	0.5543468529891299	0.19709066093468763
41305	0.27105085836077647	0.5340517661656172	0.19489737547360628
41306	0.20675939823623635	0.40405063686737547	0.3891899648963883
41307	0.25075274290395394	0.6372342127618967	0.11201304433414934
41308	0.24481932123369035	0.5246611735719303	0.23051950519437928
41309	0.16572858691949183	0.519802367331846	0.31446904574866225
41310	0.2941180543010386	0.5506553562789792	0.15522658941998219
41311	0.3721944476063664	0.45873760324062335	0.16906794915301027
41312	0.14176142850389875	0.5225751406825232	0.33566343081357797
41313	0.2669181728220935	0.4494955354020846	0.28358629177582195
41314	0.16922797149317437	0.36550301800133544	0.46526901050549013
41315	0.16288240240330407	0.42528267671946257	0.41183492087723345
41316	0.16853769864486365	0.664898299238708	0.16656400211642827
41317	0.25501903203001564	0.5995749355928874	0.14540603237709696
41318	0.28561020460333886	0.44227045417863103	0.27211934121803005
41319	0.31235339362571074	0.4582972144550111	0.22934939191927814
41320	0.11118628860559403	0.37957210766963173	0.5092416037247742
41321	0.3609250590332656	0.49169300997416077	0.14738193099257352
41322	0.1775952623413041	0.57086023756879	0.2515445000899059
41323	0.1213358832263393	0.5588172198813788	0.3198468968922818
41324	0.07316253319342668	0.4690438716821126	0.4577935951244607
41325	0.3006622617868323	0.5539845676002749	0.1453531706128927
41326	0.17683626884777345	0.31677767118044864	0.5063860599717779
41327	0.3890880977094622	0.48096656286184647	0.1299453394286914
41328	0.5577739336841757	0.3668886641006446	0.0753374022151797
41329	0.3703037983415646	0.3515509256739775	0.2781452759844579
41330	0.12446430940536272	0.4798138072451441	0.39572188334949326
41331	0.2920192924651358	0.46521293052126717	0.242767777013597
41332	0.18336933788454424	0.55545588086026	0.2611747812551959
41333	0.2518958606871504	0.6578030963812699	0.09030104293157977
41334	0.2101465179952392	0.5901575157563203	0.19969596624844058
41335	0.28532784385686616	0.4087256660726071	0.3059464900705267
41336	0.09205507582583168	0.32524282941214705	0.5827020947620213
41337	0.4735346339155611	0.41244836889182795	0.114016997192611
41338	0.4886140601640648	0.41743764438761516	0.09394829544831995
41339	0.185620000216423	0.4093988393819081	0.40498116040166887
41340	0.263025473743069	0.4601279836880379	0.2768465425688931
41341	0.3903937080821908	0.4277398670310782	0.181866424886731
41342	0.22483102640599406	0.5567223322581168	0.2184466413358891
41343	0.32144386009383324	0.5424613819950543	0.13609475791111247
41344	0.1895567475955002	0.3569991643571933	0.45344408804730646
41345	0.15435041312305317	0.6039995961920052	0.2416499906849416
41346	0.2708093571326859	0.44698209465822575	0.28220854820908836
41347	0.2394580053647668	0.5025552353008415	0.2579867593343918
41348	0.5416680771758308	0.3711031060257776	0.08722881679839156
41349	0.2440250406499165	0.5236135348304617	0.23236142451962175
41350	0.20525571270394635	0.4127450068800255	0.3819992804160281
41351	0.3281150726831071	0.4278244865177139	0.244060440799179
41352	0.16211968760236548	0.5462798537460914	0.29160045865154305
41353	0.28925252082443115	0.537518292631163	0.17322918654440586
41354	0.14970832497864908	0.5399503728426555	0.31034130217869554
41355	0.257214843590907	0.5549036262780969	0.18788153013099604
41356	0.20399808467182434	0.3771514623708363	0.4188504529573394
41357	0.18670904376071726	0.46408396652768985	0.349206989711593
41358	0.1396806979563486	0.39737903010067527	0.4629402719429761
41359	0.3457830728363404	0.3904517910386658	0.26376513612499386
41360	0.3002643209469232	0.5629963938913196	0.13673928516175712
41361	0.14007705808095575	0.2499402773006719	0.6099826646183725
41362	0.2984913651745357	0.5292743531644921	0.1722342816609722
41363	0.09741315646362146	0.3413900763617696	0.5611967671746089
41364	0.31965665007484395	0.3910375094092074	0.2893058405159487
41365	0.24049052354049416	0.5181623043592666	0.24134717210023926
41366	0.19559953589370238	0.6401161854649636	0.16428427864133402
41367	0.3128041069352353	0.5460897005074986	0.1411061925572661
41368	0.39445344220542466	0.42703278881627077	0.17851376897830462
41369	0.17355348072669205	0.5010945581060452	0.3253519611672628
41370	0.3635079378827683	0.5108195086356205	0.1256725534816111
41371	0.262140894406704	0.4771577117408959	0.26070139385240004
41372	0.2911896004121417	0.5623712154305013	0.14643918415735693
41373	0.1334762077360809	0.4783944040145825	0.38812938824933657
41374	0.36690705814354874	0.42602887034304376	0.20706407151340755
41375	0.2795979610179286	0.46367511454530813	0.25672692443676326
41376	0.2320806622729542	0.6177792042435021	0.15014013348354385
41377	0.43381247613719043	0.5178400213401068	0.04834750252270287
41378	0.44652331196296463	0.483260461897558	0.07021622613947733
41379	0.203622321903036	0.5955928965441238	0.20078478155284007
41380	0.2604604560210085	0.5103464670878822	0.22919307689110924
41381	0.45546572171356375	0.38341538446294693	0.16111889382348923
41382	0.18045482489842193	0.4803058371683729	0.3392393379332051
41383	0.17355348072669205	0.5010945581060452	0.3253519611672628
41384	0.20918984454146883	0.41945635951191856	0.3713537959466126
41385	0.5996236624320455	0.3221880938901874	0.07818824367776721
41386	0.2021170406625654	0.45508883674720285	0.34279412259023173
41387	0.21202037462726467	0.44667758148232384	0.34130204389041147
41388	0.30186838993859605	0.5322236605120155	0.1659079495493884
41389	0.26973407440719216	0.5742141031648068	0.15605182242800095
41390	0.2230047914816974	0.5557735645201181	0.22122164399818448
41391	0.37897821220177125	0.4816088029050884	0.1394129848931404
41392	0.3845167541471915	0.46182965705161844	0.15365358880119015
41393	0.5083972689193996	0.36780526150620313	0.12379746957439723
41394	0.46232696661703826	0.3973632526418198	0.1403097807411419
41395	0.13173699098593897	0.40128302850639425	0.4669799805076668
41396	0.34207302303611514	0.510878107237121	0.1470488697267638
41397	0.23356456174107676	0.5888380551849026	0.1775973830740206
41398	0.30319756857145136	0.5691085697989802	0.1276938616295685
41399	0.3739641334888737	0.4980048553276557	0.1280310111834706
41400	0.23497194451894607	0.5221958476426929	0.24283220783836104
41401	0.16311418129800226	0.5024255089951979	0.3344603097067999
41402	0.2540057176334636	0.4365977522603995	0.3093965301061368
41403	0.29686062408067304	0.5493844681526125	0.15375490776671438
41404	0.2768487430430688	0.6023223464322012	0.12082891052472995
41405	0.2816326241003998	0.569775063652207	0.14859231224739322
41406	0.11419806907456824	0.3791236865220731	0.5066782444033585
41407	0.1063481422029493	0.34813701874992936	0.5455148390471213
41408	0.212808505049924	0.5032382923810537	0.2839532025690224
41409	0.20891766185213045	0.4598036887621319	0.33127864938573764
41410	0.25030008612811355	0.3935792151539641	0.35612069871792235
41411	0.29487888161470205	0.5363920699093471	0.1687290484759509
41412	0.19168733658343504	0.35785025361259076	0.45046240980397423
41413	0.24019609126586783	0.49497435805938245	0.2648295506747496
41414	0.1590676481038342	0.4873426689710576	0.35358968292510823
41415	0.2812772698593471	0.5996456075514415	0.11907712258921148
41416	0.41595657806372593	0.37945791070405016	0.2045855112322239
41417	0.24097104645825085	0.6193800904812597	0.1396488630604895
41418	0.34656792145035725	0.5150894425073506	0.13834263604229205
41419	0.28041708652935626	0.5008297181387501	0.21875319533189372
41420	0.386594669392782	0.5417428450507328	0.07166248555648526
41421	0.16369780105436785	0.5197847869724215	0.31651741197321065
41422	0.21041025532161672	0.40408039358703357	0.38550935109134965
41423	0.5100243431353085	0.3303817182980126	0.15959393856667892
41424	0.17509815474665744	0.5106754489481412	0.3142263963052014
41425	0.28787239302709455	0.5948040515423481	0.11732355543055735
41426	0.35815207441301206	0.5507704782512306	0.09107744733575739
41427	0.13354812457386958	0.5533774055721229	0.31307446985400744
41428	0.20856471868650192	0.6338956603440481	0.15753962096944987
41429	0.2369930034949673	0.5372843929632246	0.2257226035418081
41430	0.2600228804174983	0.6448584025206358	0.09511871706186592
41431	0.20757509512644903	0.4608229174671026	0.33160198740644836
41432	0.1595470041158445	0.5199853336096307	0.32046766227452483
41433	0.18435410506674513	0.3391843147712393	0.47646158016201556
41434	0.32114699309474665	0.5783169716040267	0.10053603530122655
41435	0.5048878370760757	0.4044132246625168	0.09069893826140747
41436	0.1774657132371588	0.4799958038067455	0.3425384829560956
41437	0.24919782264436816	0.4959282519420018	0.25487392541363013
41438	0.53405370198315	0.3613618094607993	0.10458448855605058
41439	0.15551601523740727	0.49709676959153953	0.34738721517105325
41440	0.3406529980191741	0.4569422509475638	0.20240475103326214
41441	0.30788936209307965	0.5018943378242718	0.19021630008264848
41442	0.11686616499377518	0.3902168195748749	0.49291701543134997
41443	0.23427769134110762	0.6613516750023715	0.10437063365652083
41444	0.30115093426155953	0.5319440491279468	0.16690501661049362
41445	0.1285932647122525	0.5867325387440921	0.28467419654365533
41446	0.4664021247987369	0.34869772436987706	0.18490015083138603
41447	0.17277715929524953	0.4701737013230589	0.35704913938169164
41448	0.32221804869344345	0.4517375673161186	0.22604438399043802
41449	0.23701546273393923	0.4775506841341439	0.28543385313191694
41450	0.20855518303489884	0.5943293407700946	0.19711547619500647
41451	0.4812975295378063	0.38298026926841494	0.13572220119377879
41452	0.1957112099863342	0.4874438726281162	0.31684491738554965
41453	0.2776475837460055	0.4227571119811226	0.2995953042728719
41454	0.25152986765584145	0.6659200849276243	0.08255004741653428
41455	0.40790466124425323	0.4751289883127677	0.1169663504429791
41456	0.2069397724912855	0.6863128301075464	0.10674739740116805
41457	0.21798192791319337	0.5160654657978943	0.26595260628891243
41458	0.2040670629116443	0.3958131316041158	0.40011980548423987
41459	0.18395577753506834	0.7204882831214219	0.09555593934350975
41460	0.45315101874863983	0.3982276102766668	0.14862137097469338
41461	0.5212547202719479	0.3785217087194161	0.10022357100863609
41462	0.22203536290143097	0.6275057628617459	0.1504588742368231
41463	0.19611135275098915	0.4615127835192901	0.3423758637297208
41464	0.5577739336841757	0.3668886641006446	0.0753374022151797
41465	0.38896376919048126	0.4910344962096434	0.12000173459987534
41466	0.47187451907387734	0.39971031610859203	0.1284151648175307
41467	0.2150615768664197	0.5182472648906832	0.2666911582428971
41468	0.23355467224243223	0.6089884950279295	0.15745683272963817
41469	0.2553380621762987	0.5581034946025992	0.18655844322110215
41470	0.33896055025867716	0.4123442507106712	0.24869519903065163
41471	0.29316000736152886	0.6051904430886123	0.10164954954985898
41472	0.33131647743739034	0.3998872908236677	0.2687962317389419
41473	0.2567483122128321	0.6348003277542142	0.10845136003295364
41474	0.19976347964903748	0.6219860594823794	0.17825046086858318
41475	0.32220914997924055	0.5431551401401795	0.13463570988058002
41476	0.3195420550585595	0.5791308865947277	0.1013270583467129
41477	0.1880189355325219	0.7052555086887321	0.10672555577874597
41478	0.33187386363537835	0.3251995088421497	0.3429266275224719
41479	0.20142941869513073	0.5990788344932768	0.1994917468115925
41480	0.1352631641740977	0.6158186915453724	0.24891814428052994
