30902	0.125	0.755	0.12
30903	0.09	0.725	0.185
30904	0.105	0.675	0.22
30905	0.9	0.085	0.015
30906	0.175	0.73	0.095
30907	0.125	0.8	0.075
30908	0.17	0.7366666666666667	0.09333333333333332
30909	0.04	0.275	0.685
30910	0.04	0.25	0.71
30911	0.08	0.885	0.035
30912	0.115	0.815	0.07
30913	0.05	0.5	0.45
30914	0.095	0.77	0.135
30915	0.13	0.775	0.095
30916	0.055	0.345	0.6
30917	0.055	0.71	0.235
30918	0.245	0.675	0.08
30919	0.055	0.425	0.52
30920	0.05832022284131412	0.9228273394776878	0.01885243768099805
30921	0.44	0.5	0.06
30922	0.53	0.4	0.07
30923	0.42	0.4	0.18
30924	0.035	0.905	0.06
30925	0.075	0.685	0.24
30926	0.075	0.685	0.24
30927	0.015	0.815	0.17
30928	0.285	0.665	0.05
30929	0.135	0.765	0.1
30930	0.1	0.84	0.06
30931	0.615	0.36	0.025
30932	0.23	0.69	0.08
30933	0.125	0.82	0.055
30934	0.125	0.73	0.145
30935	0.16	0.74	0.1
30936	0.155	0.81	0.035
30937	0.11	0.82	0.07
30938	0.53	0.26	0.21
30939	0.65	0.33	0.02
30940	0.05	0.675	0.275
30941	0.305	0.455	0.24
30942	0.055	0.46	0.485
30943	0.055	0.46	0.485
30944	0.14	0.835	0.025
30945	0.185	0.625	0.19
30946	0.19	0.66	0.15
30947	0.145	0.42	0.435
30948	0.13	0.51	0.36
30949	0.32	0.6	0.08
30950	0.67	0.3	0.03
30951	0.18	0.59	0.23
30952	0.08	0.885	0.035
30953	0.05	0.5816666666666667	0.36833333333333335
30954	0.05	0.625	0.325
30955	0.065	0.63	0.305
30956	0.09	0.67	0.24
30957	0.095	0.44	0.465
30958	0.28	0.405	0.315
30959	0.215	0.685	0.1
30960	0.105	0.5175	0.3775
30961	0.09	0.765	0.145
30962	0.125	0.775	0.1
30963	0.035	0.205	0.76
30964	0.055	0.855	0.09
30965	0.06	0.86	0.08
30966	0.125	0.815	0.06
30967	0.04	0.87	0.09
30968	0.115	0.8	0.085
30969	0.055	0.855	0.09
30970	0.35	0.5	0.15
30971	0.185	0.755	0.06
30972	0.23	0.685	0.085
30973	0.29	0.59	0.12
30974	0.15	0.65	0.2
30975	0.075	0.83	0.095
30976	0.08	0.6	0.32
30977	0.125	0.8	0.075
30978	0.125	0.8	0.075
30979	0.445	0.46	0.095
30980	0.23	0.705	0.065
30981	0.23	0.705	0.065
30982	0.115	0.77	0.115
30983	0.19	0.71	0.1
30984	0.94	0.06	0.0
30985	0.1	0.76	0.14
30986	0.545	0.42	0.035
30987	0.215	0.69	0.095
30988	0.56	0.38666666666666666	0.05333333333333333
30989	0.185	0.725	0.09
30990	0.19	0.715	0.095
30991	0.085	0.85	0.065
30992	0.13	0.725	0.145
30993	0.045	0.705	0.25
30994	0.21	0.755	0.035
30995	0.04	0.945	0.015
30996	0.235	0.57	0.195
30997	0.02	0.775	0.205
30998	0.035	0.835	0.13
30999	0.23	0.65	0.12
31000	0.2	0.725	0.075
31001	0.02	0.935	0.045
31002	0.27	0.685	0.045
31003	0.27	0.675	0.055
31004	0.245	0.73	0.025
31005	0.29	0.66	0.05
31006	0.015	0.535	0.45
31007	0.09	0.795	0.115
31008	0.025	0.65	0.325
31009	0.1	0.82	0.08
31010	0.17	0.77	0.06
31011	0.04	0.41	0.55
31012	0.055	0.905	0.04
31013	0.115	0.525	0.36
31014	0.1	0.51	0.39
31015	0.09	0.765	0.145
31016	0.11	0.81	0.08
31017	0.345	0.605	0.05
31018	0.11	0.75	0.14
31019	0.21	0.505	0.285
31020	0.085	0.715	0.2
31021	0.16	0.72	0.12
31022	0.345	0.63	0.025
31023	0.36	0.485	0.155
31024	0.09	0.77	0.14
31025	0.28	0.5	0.22
31026	0.235	0.645	0.12
31027	0.1	0.75	0.15
31028	0.1	0.845	0.055
31029	0.035	0.89	0.075
31030	0.115	0.775	0.11
31031	0.115	0.785	0.1
31032	0.135	0.69	0.175
31033	0.105	0.485	0.41
31034	0.125	0.485	0.39
31035	0.125	0.705	0.17
31036	0.14	0.37	0.49
31037	0.145	0.54	0.315
31038	0.02	0.785	0.195
31039	0.06	0.88	0.06
31040	0.255	0.7	0.045
31041	0.11	0.75	0.14
31042	0.06	0.845	0.095
31043	0.1	0.78	0.12
31044	0.135	0.79	0.075
31045	0.12	0.76	0.12
31046	0.275	0.54	0.185
31047	0.035	0.89	0.075
31048	0.32	0.625	0.055
31049	0.115	0.855	0.03
31050	0.145	0.83	0.025
31051	0.2003333333333333	0.767577850877193	0.03208881578947369
31052	0.155	0.72	0.125
31053	0.375	0.44	0.185
31054	0.0	0.305	0.695
31055	0.055	0.745	0.2
31056	0.045	0.685	0.27
31057	0.24	0.67	0.09
31058	0.33	0.565	0.105
31059	0.555	0.375	0.07
31060	0.61	0.265	0.125
31061	0.685	0.3	0.015
31062	0.015	0.735	0.25
31063	0.025	0.815	0.16
31064	0.19	0.49	0.32
31065	0.13	0.755	0.115
31066	0.28	0.66	0.06
31067	0.085	0.685	0.23
31068	0.285	0.57	0.145
31069	0.165	0.41	0.425
31070	0.085	0.72	0.195
31071	0.27	0.68	0.05
31072	0.48	0.49	0.03
31073	0.045	0.77	0.185
31074	0.075	0.68	0.245
31075	0.24	0.705	0.055
31076	0.21	0.685	0.105
31077	0.095	0.475	0.43
31078	0.095	0.485	0.42
31079	0.285	0.69	0.025
31080	0.015	0.94	0.045
31081	0.03	0.65	0.32
31082	0.0	0.84	0.16
31083	0.015	0.655	0.33
31084	0.48	0.47	0.05
31085	0.115	0.815	0.07
31086	0.125	0.8	0.075
31087	0.095	0.63	0.275
31088	0.075	0.87	0.055
31089	0.11062745098039216	0.8240600490196078	0.0653125
31090	0.03	0.635	0.335
31091	0.03	0.675	0.295
31092	0.12	0.575	0.305
31093	0.05	0.775	0.175
31094	0.135	0.79	0.075
31095	0.075	0.66	0.265
31096	0.05	0.775	0.175
31097	0.055	0.91	0.035
31098	0.27	0.59	0.14
31099	0.015	0.16	0.825
31100	0.01	0.57	0.42
31101	0.145	0.68	0.175
31102	0.105	0.825	0.07
31103	0.105	0.82	0.075
31104	0.015	0.595	0.39
31105	0.245	0.66	0.095
31106	0.04	0.935	0.025
31107	0.14	0.69	0.17
31108	0.165	0.615	0.22
31109	0.08	0.195	0.725
31110	0.465	0.36	0.175
31111	0.1	0.745	0.155
31112	0.165	0.67	0.165
31113	0.49	0.435	0.075
31114	0.09	0.795	0.115
31115	0.015	0.6736363636363637	0.31136363636363634
31116	0.015	0.6336363636363637	0.3513636363636364
31117	0.155	0.49	0.355
31118	0.195	0.555	0.25
31119	0.27	0.62	0.11
31120	0.245	0.635	0.12
31121	0.245	0.635	0.12
31122	0.15	0.75	0.1
31123	0.0	0.615	0.385
31124	0.135	0.805	0.06
31125	0.065	0.395	0.54
31126	0.445	0.55	0.005
31127	0.055	0.855	0.09
31128	0.035	0.895	0.07
31129	0.035	0.895	0.07
31130	0.085	0.77	0.145
31131	0.15	0.68	0.17
31132	0.095	0.57	0.335
31133	0.085	0.69	0.225
31134	0.31	0.495	0.195
31135	0.045	0.595	0.36
31136	0.05	0.64	0.31
31137	0.16	0.585	0.255
31138	0.16	0.585	0.255
31139	0.125	0.54	0.335
31140	0.15	0.655	0.195
31141	0.06	0.445	0.495
31142	0.19	0.54	0.27
31143	0.3	0.485	0.215
31144	0.335	0.4	0.265
31145	0.35	0.595	0.055
31146	0.035	0.79	0.175
31147	0.035	0.79	0.175
31148	0.01	0.82	0.17
31149	0.07	0.595	0.335
31150	0.07	0.595	0.335
31151	0.05	0.69	0.26
31152	0.345	0.575	0.08
31153	0.345	0.575	0.08
31154	0.095	0.805	0.1
31155	0.03	0.535	0.435
31156	0.035	0.615	0.35
31157	0.495	0.43	0.075
31158	0.13	0.79	0.08
31159	0.07	0.735	0.195
31160	0.055	0.77	0.175
31161	0.195	0.735	0.07
31162	0.24	0.625	0.135
31163	0.195	0.61	0.195
31164	0.09	0.765	0.145
31165	0.035	0.895	0.07
31166	0.18	0.615	0.205
31167	0.305	0.565	0.13
31168	0.105	0.52	0.375
31169	0.345	0.59	0.065
31170	0.135	0.265	0.6
31171	0.01	0.6150833333333335	0.37491666666666673
31172	0.0	0.9075	0.0925
31173	0.005	0.5859166666666669	0.40908333333333347
31174	0.125	0.795	0.08
31175	0.285	0.66	0.055
31176	0.72	0.23	0.05
31177	0.115	0.775	0.11
31178	0.14	0.795	0.065
31179	0.055	0.685	0.26
31180	0.11	0.72	0.17
31181	0.23	0.705	0.065
31182	0.09	0.725	0.185
31183	0.09	0.725	0.185
31184	0.06	0.855	0.085
31185	0.135	0.79	0.075
31186	0.175	0.725	0.1
31187	0.11	0.82	0.07
31188	0.36	0.43	0.21
31189	0.065	0.675	0.26
31190	0.195	0.775	0.03
31191	0.065	0.735	0.2
31192	0.065	0.735	0.2
31193	0.09	0.56	0.35
31194	0.23	0.415	0.355
31195	0.535	0.335	0.13
31196	0.035	0.695	0.27
31197	0.39	0.42	0.19
31198	0.185	0.685	0.13
31199	0.185	0.685	0.13
31200	0.135	0.61	0.255
31201	0.06	0.83	0.11
31202	0.13	0.705	0.165
31203	0.205	0.75	0.045
31204	0.065	0.64	0.295
31205	0.07	0.575	0.355
31206	0.08	0.765	0.155
31207	0.12	0.8066666666666668	0.07333333333333333
31208	0.39	0.515	0.095
31209	0.215	0.59	0.195
31210	0.175	0.72	0.105
31211	0.12	0.695	0.185
31212	0.15	0.47	0.38
31213	0.055	0.35	0.595
31214	0.075	0.505	0.42
31215	0.305	0.645	0.05
31216	0.07	0.865	0.065
31217	0.305	0.6	0.095
31218	0.05	0.32	0.63
31219	0.08	0.74	0.18
31220	0.13	0.81	0.06
31221	0.045	0.82	0.135
31222	0.555	0.36	0.085
31223	0.075	0.875	0.05
31224	0.06	0.875	0.065
31225	0.49	0.415	0.095
31226	0.065	0.59	0.345
31227	0.1	0.83	0.07
31228	0.08	0.795	0.125
31229	0.57	0.3925	0.0375
31230	0.57	0.3925	0.0375
31231	0.035	0.77	0.195
31232	0.385	0.3825	0.2325
31233	0.385	0.3825	0.2325
31234	0.125	0.77	0.105
31235	0.065	0.605	0.33
31236	0.2	0.58	0.22
31237	0.12	0.625	0.255
31238	0.315	0.4191666666666667	0.26583333333333337
31239	0.24	0.61	0.15
31240	0.0	0.61	0.39
31241	0.0	0.615	0.385
31242	0.085	0.88	0.035
31243	0.49	0.36	0.15
31244	0.075	0.89	0.035
31245	0.405	0.55	0.045
31246	0.085	0.59	0.325
31247	0.215	0.71	0.075
31248	0.105	0.815	0.08
31249	0.05	0.93	0.02
31250	0.125	0.8	0.075
31251	0.05	0.905	0.045
31252	0.33	0.47	0.2
31253	0.08	0.7	0.22
31254	0.095	0.815	0.09
31255	0.10033333333333333	0.8275778508771929	0.07208881578947368
31256	0.29	0.45	0.26
31257	0.3	0.65	0.05
31258	0.065	0.845	0.09
31259	0.52	0.33	0.15
31260	0.615	0.355	0.03
31261	0.32	0.525	0.155
31262	0.2	0.675	0.125
31263	0.19	0.525	0.285
31264	0.035	0.9266666666666667	0.03833333333333334
31265	0.4	0.49	0.11
31266	0.045	0.725	0.23
31267	0.36	0.585	0.055
31268	0.17	0.655	0.175
31269	0.185	0.6975	0.1175
31270	0.435	0.445	0.12
31271	0.03	0.765	0.205
31272	0.105	0.86	0.035
31273	0.12	0.82	0.06
31274	0.095	0.63	0.275
31275	0.02	0.675	0.305
31276	0.07	0.47	0.46
31277	0.07	0.485	0.445
31278	0.2	0.69	0.11
31279	0.225	0.67	0.105
31280	0.11	0.835	0.055
31281	0.525	0.46	0.015
31282	0.655	0.19	0.155
31283	0.335	0.625	0.04
31284	0.085	0.88	0.035
31285	0.23	0.615	0.155
31286	0.305	0.59	0.105
31287	0.04	0.81	0.15
31288	0.06	0.865	0.075
31289	0.02	0.57	0.41
31290	0.185	0.7	0.115
31291	0.05	0.58	0.37
31292	0.025	0.73	0.245
31293	0.065	0.795	0.14
31294	0.34	0.545	0.115
31295	0.085	0.59	0.325
31296	0.06	0.905	0.035
31297	0.28	0.6716666666666667	0.04833333333333333
31298	0.135	0.5	0.365
31299	0.065	0.8	0.135
31300	0.145	0.795	0.06
31301	0.06	0.785	0.155
31302	0.53	0.415	0.055
31303	0.17	0.65	0.18
31304	0.325	0.505	0.17
31305	0.085	0.86	0.055
31306	0.08	0.735	0.185
31307	0.275	0.68	0.045
31308	0.265	0.655	0.08
31309	0.15	0.615	0.235
31310	0.18	0.61	0.21
31311	0.72	0.19	0.09
31312	0.03	0.62	0.35
31313	0.235	0.605	0.16
31314	0.195	0.565	0.24
31315	0.52	0.43	0.05
31316	0.07	0.74	0.19
31317	0.425	0.445	0.13
31318	0.09	0.605	0.305
31319	0.1	0.6	0.3
31320	0.045	0.685	0.27
31321	0.05	0.625	0.325
31322	0.25	0.53	0.22
31323	0.44	0.455	0.105
31324	0.155	0.78	0.065
31325	0.145	0.745	0.11
31326	0.505	0.4566666666666667	0.03833333333333333
31327	0.02	0.73	0.25
31328	0.35	0.42	0.23
31329	0.13	0.785	0.085
31330	0.13	0.785	0.085
31331	0.005	0.715	0.28
31332	0.145	0.815	0.04
31333	0.185	0.695	0.12
31334	0.455	0.42	0.125
31335	0.08	0.625	0.295
31336	0.1	0.855	0.045
31337	0.095	0.865	0.04
31338	0.555	0.38	0.065
31339	0.61	0.365	0.025
31340	0.25	0.705	0.045
31341	0.305	0.51	0.185
31342	0.07	0.5086363636363637	0.42136363636363633
31343	0.205	0.745	0.05
31344	0.13	0.5116666666666666	0.35833333333333334
31345	0.02	0.955	0.025
31346	0.08	0.87	0.05
31347	0.195	0.76	0.045
31348	0.24	0.725	0.035
31349	0.085	0.835	0.08
31350	0.165	0.58	0.255
31351	0.06	0.8	0.14
31352	0.19033333333333333	0.7125778508771929	0.09708881578947368
31353	0.095	0.775	0.13
31354	0.275	0.61	0.115
31355	0.235	0.645	0.12
31356	0.125	0.8	0.075
31357	0.335	0.6	0.065
31358	0.215	0.635	0.15
31359	0.615	0.365	0.02
31360	0.065	0.675	0.26
31361	0.255	0.635	0.11
31362	0.255	0.635	0.11
31363	0.175	0.585	0.24
31364	0.065	0.67	0.265
31365	0.025	0.7	0.275
31366	0.29	0.665	0.045
31367	0.16	0.67	0.17
31368	0.12	0.805	0.075
31369	0.05	0.66	0.29
31370	0.055	0.71	0.235
31371	0.195	0.565	0.24
31372	0.53	0.44	0.03
31373	0.26	0.615	0.125
31374	0.17	0.74	0.09
31375	0.17	0.74	0.09
31376	0.015	0.505	0.48
31377	0.0	0.81	0.19
31378	0.005	0.63	0.365
31379	0.07	0.71	0.22
31380	0.175	0.465	0.36
31381	0.325	0.63	0.045
31382	0.185	0.765	0.05
31383	0.115	0.76	0.125
31384	0.01	0.47	0.52
31385	0.165	0.72	0.115
31386	0.17	0.51	0.32
31387	0.19	0.48	0.33
31388	0.12	0.695	0.185
31389	0.405	0.555	0.04
31390	0.095	0.7	0.205
31391	0.045	0.67	0.285
31392	0.02	0.77	0.21
31393	0.22	0.61	0.17
31394	0.26	0.7	0.04
31395	0.09	0.875	0.035
31396	0.04	0.79	0.17
31397	0.34	0.585	0.075
31398	0.215	0.345	0.44
31399	0.245	0.37	0.385
31400	0.105	0.76	0.135
31401	0.24	0.705	0.055
31402	0.07	0.88	0.05
31403	0.29	0.595	0.115
31404	0.05	0.82	0.13
31405	0.16	0.76	0.08
31406	0.23	0.665	0.105
31407	0.515	0.34	0.145
31408	0.57	0.355	0.075
31409	0.505	0.42	0.075
31410	0.2	0.68	0.12
31411	0.24	0.59	0.17
31412	0.085	0.875	0.04
31413	0.165	0.695	0.14
31414	0.135	0.585	0.28
31415	0.055	0.76	0.185
31416	0.105	0.69	0.205
31417	0.155	0.69	0.155
31418	0.065	0.845	0.09
31419	0.1	0.755	0.145
31420	0.035	0.78	0.185
31421	0.655	0.285	0.06
31422	0.26	0.675	0.065
31423	0.135	0.745	0.12
31424	0.11	0.835	0.055
31425	0.11	0.835	0.055
31426	0.285	0.68	0.035
31427	0.045	0.81	0.145
31428	0.1	0.625	0.275
31429	0.11	0.795	0.095
31430	0.35	0.6	0.05
31431	0.295	0.375	0.33
31432	0.265	0.37	0.365
31433	0.13	0.52	0.35
31434	0.505	0.355	0.14
31435	0.04	0.77	0.19
31436	0.04	0.94	0.02
31437	0.175	0.725	0.1
31438	0.01	0.63	0.36
31439	0.105	0.545	0.35
31440	0.22	0.405	0.375
31441	0.1	0.755	0.145
31442	0.54	0.425	0.035
31443	0.12	0.8	0.08
31444	0.035	0.62	0.345
31445	0.035	0.615	0.35
31446	0.165	0.8	0.035
31447	0.165	0.8	0.035
31448	0.14	0.83	0.03
31449	0.135	0.795	0.07
31450	0.335	0.41	0.255
31451	0.14	0.765	0.095
31452	0.405	0.55	0.045
31453	0.115	0.7983333333333335	0.08666666666666668
31454	0.145	0.765	0.09
31455	0.1703333333333333	0.6643541666666667	0.1653125
31456	0.19033333333333333	0.6343541666666667	0.1753125
31457	0.055	0.415	0.53
31458	0.06	0.705	0.235
31459	0.075	0.655	0.27
31460	0.07	0.65	0.28
31461	0.175	0.465	0.36
31462	0.085	0.525	0.39
31463	0.085	0.69	0.225
31464	0.195	0.695	0.11
31465	0.225	0.71	0.065
31466	0.59	0.375	0.035
31467	0.025	0.765	0.21
31468	0.045	0.905	0.05
31469	0.035	0.7	0.265
31470	0.03	0.725	0.245
31471	0.01	0.6	0.39
31472	0.025	0.59	0.385
31473	0.375	0.55	0.075
31474	0.08	0.735	0.185
31475	0.005	0.995	0.0
31476	0.005	0.995	0.0
31477	0.15	0.695	0.155
31478	0.06	0.48	0.46
31479	0.28	0.585	0.135
31480	0.26	0.59	0.15
31481	0.13	0.81	0.06
31482	0.195	0.595	0.21
31483	0.025	0.395	0.58
31484	0.195	0.49	0.315
31485	0.155	0.735	0.11
31486	0.135	0.625	0.24
31487	0.32	0.62	0.06
31488	0.13	0.79	0.08
31489	0.03	0.565	0.405
31490	0.195	0.775	0.03
31491	0.135	0.81	0.055
31492	0.14	0.805	0.055
31493	0.53	0.435	0.035
31494	0.375	0.325	0.3
31495	0.09	0.855	0.055
31496	0.575	0.375	0.05
31497	0.21	0.725	0.065
31498	0.015	0.6	0.385
31499	0.015	0.655	0.33
31500	0.165	0.7	0.135
31501	0.075	0.8966666666666667	0.028333333333333332
31502	0.325	0.575	0.1
31503	0.605	0.38	0.015
31504	0.075	0.89	0.035
31505	0.14	0.82	0.04
31506	0.32	0.58	0.1
31507	0.225	0.77	0.005
31508	0.1	0.73	0.17
31509	0.27	0.625	0.105
31510	0.135	0.69	0.175
31511	0.055	0.825	0.12
31512	0.03	0.81	0.16
31513	0.295	0.58	0.125
31514	0.295	0.58	0.125
31515	0.14	0.79	0.07
31516	0.08	0.87	0.05
31517	0.205	0.49	0.305
31518	0.05	0.77	0.18
31519	0.05	0.77	0.18
31520	0.18	0.75	0.07
31521	0.04	0.74	0.22
31522	0.04	0.74	0.22
31523	0.005	0.63	0.365
31524	0.445	0.5075	0.0475
31525	0.185	0.4	0.415
31526	0.2	0.56	0.24
31527	0.09	0.81	0.1
31528	0.13	0.805	0.065
31529	0.14	0.79	0.07
31530	0.155	0.78	0.065
31531	0.115	0.805	0.08
31532	0.255	0.525	0.22
31533	0.18	0.735	0.085
31534	0.18	0.735	0.085
31535	0.04	0.81	0.15
31536	0.06	0.865	0.075
31537	0.26	0.645	0.095
31538	0.665	0.28	0.055
31539	0.02	0.79	0.19
31540	0.035	0.645	0.32
31541	0.365	0.49	0.145
31542	0.125	0.7	0.175
31543	0.125	0.79	0.085
31544	0.175	0.655	0.17
31545	0.085	0.75	0.165
31546	0.095	0.805	0.1
31547	0.08	0.865	0.055
31548	0.115	0.77	0.115
31549	0.31	0.425	0.265
31550	0.02	0.67	0.31
31551	0.025	0.64	0.335
31552	0.02	0.635	0.345
31553	0.04	0.685	0.275
31554	0.2	0.75	0.05
31555	0.265	0.45	0.285
31556	0.065	0.77	0.165
31557	0.095	0.83	0.075
31558	0.04	0.79	0.17
31559	0.1	0.83	0.07
31560	0.245	0.62	0.135
31561	0.155	0.685	0.16
31562	0.15	0.795	0.055
31563	0.12	0.855	0.025
31564	0.03	0.55	0.42
31565	0.195	0.535	0.27
31566	0.185	0.705	0.11
31567	0.495	0.48	0.025
31568	0.005	0.345	0.65
31569	0.005	0.32	0.675
31570	0.35	0.6	0.05
31571	0.015	0.98	0.005
31572	0.075	0.595	0.33
31573	0.07	0.595	0.335
31574	0.14	0.835	0.025
31575	0.15	0.815	0.035
31576	0.385	0.565	0.05
31577	0.25	0.735	0.015
31578	0.11	0.68	0.21
31579	0.255	0.7	0.045
31580	0.115	0.5675	0.3175
31581	0.1	0.745	0.155
31582	0.37	0.29	0.34
31583	0.09	0.81	0.1
31584	0.07	0.895	0.035
31585	0.075	0.62	0.305
31586	0.48	0.405	0.115
31587	0.44	0.435	0.125
31588	0.08	0.73	0.19
31589	0.12	0.81	0.07
31590	0.015	0.735	0.25
31591	0.635	0.32	0.045
31592	0.48	0.485	0.035
31593	0.135	0.755	0.11
31594	0.24	0.65	0.11
31595	0.12	0.765	0.115
31596	0.21	0.62	0.17
31597	0.17	0.695	0.135
31598	0.075	0.425	0.5
31599	0.155	0.795	0.05
31600	0.115	0.855	0.03
31601	0.18	0.77	0.05
31602	0.025	0.725	0.25
31603	0.01	0.985	0.005
31604	0.02	0.86	0.12
31605	0.075	0.7846875	0.1403125
31606	0.105	0.725	0.17
31607	0.15	0.635	0.215
31608	0.05	0.895	0.055
31609	0.025	0.92	0.055
31610	0.315	0.575	0.11
31611	0.3	0.645	0.055
31612	0.595	0.295	0.11
31613	0.215	0.7130481283422461	0.07195187165775402
31614	0.51	0.415	0.075
31615	0.05	0.655	0.295
