21257	0.20743060652296286	0.5842000155930085	0.20836937788402862
21258	0.1788121081174981	0.6263752951709468	0.19481259671155512
21259	0.17558131785696754	0.5813092030373538	0.24310947910567865
21260	0.21709538861292996	0.6200066360994387	0.16289797528763128
21261	0.25419679283291363	0.511020863183759	0.2347823439833273
21262	0.2659855572943673	0.5111979326869778	0.22281651001865488
21263	0.18947205819707585	0.5128089570112397	0.29771898479168435
21264	0.19135598535790327	0.5775608140768171	0.23108320056527962
21265	0.20109040691089525	0.5831975798840252	0.21571201320507963
21266	0.23239440514533669	0.5615798265508424	0.20602576830382094
21267	0.1988544067770324	0.49105104189303095	0.31009455132993663
21268	0.28403555886512094	0.547174243067649	0.16879019806723022
21269	0.3160120219866468	0.5101967716735931	0.17379120633976003
21270	0.24746788589527047	0.5523961470101155	0.200135967094614
21271	0.2656844018034564	0.5252649576909556	0.209050640505588
21272	0.23918678393962403	0.5118958202974636	0.24891739576291247
21273	0.19933838591504993	0.6309453761882396	0.1697162378967105
21274	0.25957429502590773	0.5670253889116571	0.17340031606243517
21275	0.2313042414650135	0.5724242123141153	0.1962715462208712
21276	0.237023084007421	0.566034920137736	0.19694199585484296
21277	0.23297930116299742	0.5785201664043524	0.1885005324326501
21278	0.24647802725603893	0.5401529236031887	0.21336904914077237
21279	0.26029413578256794	0.5096780267621135	0.23002783745531852
21280	0.2031453891961163	0.6083944563512851	0.1884601544525986
21281	0.2228802926834091	0.582140695551858	0.1949790117647329
21282	0.2120709182232174	0.49764507941171043	0.29028400236507224
21283	0.23542057885783396	0.5113719521668595	0.25320746897530655
21284	0.20183807167219237	0.5565975852145174	0.24156434311329028
21285	0.24678951406955815	0.5306516293178914	0.22255885661255043
21286	0.1942931862094223	0.6377642879484613	0.16794252584211639
21287	0.22474312275868535	0.5834377658481125	0.19181911139320207
21288	0.19351282753418142	0.5805909412814813	0.2258962311843374
21289	0.214267549578808	0.581807782995888	0.203924667425304
21290	0.22949809857263076	0.5472519839084505	0.2232499175189187
21291	0.24123925478580732	0.5459633747718512	0.21279737044234154
21292	0.21530766900168574	0.5329234949268724	0.2517688360714419
21293	0.223450366588372	0.5349266416119673	0.24162299179966068
21294	0.21656188278341731	0.4422244783181891	0.34121363889839346
21295	0.20430632964286738	0.5168251277705033	0.27886854258662935
21296	0.21122752909283082	0.5400535544965734	0.24871891641059568
21297	0.23683073164424737	0.5690169426360503	0.19415232571970234
21298	0.20150943960638482	0.6137712233615624	0.18471933703205284
21299	0.22677077352432548	0.5709985669337058	0.20223065954196884
21300	0.21973724365762792	0.5900276642113578	0.1902350921310143
21301	0.2160242611608915	0.5584526817586635	0.22552305708044504
21302	0.2611216701234548	0.5617245483097323	0.1771537815668129
21303	0.19697585520381916	0.6214062485098073	0.18161789628637354
21304	0.23162082660727654	0.5499244216283216	0.21845475176440185
21305	0.2460003968551411	0.5661149551359804	0.1878846480088785
21306	0.20845355925804374	0.5954445922285151	0.19610184851344123
21307	0.18814270893962876	0.6223183253985147	0.18953896566185632
21308	0.2180919021918599	0.5599655320882928	0.2219425657198473
21309	0.1954129341219242	0.562027193957061	0.24255987192101483
21310	0.2379852919502125	0.47476785659999676	0.28724685144979073
21311	0.26539458548884026	0.531329950094315	0.20327546441684471
21312	0.17220181283062283	0.47311211088732663	0.3546860762820505
21313	0.23762647454829453	0.5924241787856395	0.16994934666606615
21314	0.21402169416690184	0.5780912936216427	0.20788701221145559
21315	0.24748523811181458	0.5320098521957476	0.22050490969243774
21316	0.2682576226769117	0.4510743053080543	0.2806680720150339
21317	0.30692734282485057	0.44760878433902124	0.24546387283612825
21318	0.19771460102564895	0.573170564850001	0.2291148341243501
21319	0.24048838981698673	0.5354214321652221	0.22409017801779121
21320	0.19922769849896627	0.5148134358419153	0.2859588656591184
21321	0.20252928754989147	0.5173062894306778	0.2801644230194308
21322	0.22099243786197664	0.5171387350210093	0.2618688271170141
21323	0.20917727565011324	0.5992310088473782	0.19159171550250853
21324	0.20377203217710468	0.5937789943813448	0.2024489734415504
21325	0.21120284807869888	0.609387599652421	0.1794095522688801
21326	0.18022333404026183	0.6341870711384147	0.18558959482132345
21327	0.2213664778742703	0.548598348451625	0.2300351736741046
21328	0.1842054528933475	0.5889239431401422	0.22687060396651038
21329	0.17093945039059472	0.48863916206478236	0.3404213875446229
21330	0.20159438155117676	0.5317639473218353	0.266641671126988
21331	0.21902782687878733	0.5527811567015	0.2281910164197127
21332	0.24878738881890564	0.5533611025948919	0.19785150858620246
21333	0.2285013708123089	0.576457873689518	0.1950407554981731
21334	0.21252046147637882	0.5330973784079712	0.25438216011564996
21335	0.2135921781681598	0.5137373180153022	0.272670503816538
21336	0.2253059748117571	0.5965390753087082	0.17815494987953479
21337	0.23058694131130034	0.5716538657009096	0.19775919298779007
21338	0.18234641420368838	0.5782603152816501	0.23939327051466144
21339	0.21548064696171496	0.5746368541266632	0.2098824989116218
21340	0.24233958612711692	0.5745949178613227	0.18306549601156044
21341	0.2703391170963646	0.5025306363856957	0.22713024651793973
21342	0.18892938749166865	0.4954491728498021	0.31562143965852923
21343	0.24709015621568803	0.5214599834727528	0.23144986031155915
21344	0.2821811913619655	0.4743050144972243	0.24351379414081023
21345	0.2624915578650221	0.5347991666253112	0.20270927550966672
21346	0.23097826158172935	0.6138844671979901	0.1551372712202805
21347	0.21117542824445756	0.5642106603429874	0.22461391141255507
21348	0.24927174910274885	0.5595290236959012	0.19119922720135
21349	0.19321693342624163	0.5883104556367899	0.21847261093696857
21350	0.21101398300967694	0.5508850571904241	0.23810095979989881
21351	0.18266157765914665	0.6249836271026235	0.19235479523822993
21352	0.21356656583394337	0.5818429922282048	0.2045904419378518
21353	0.279926083032369	0.565878521657215	0.15419539531041596
21354	0.20680962809338102	0.609948302447449	0.18324206945917
21355	0.24367402998148333	0.5888576217632523	0.16746834825526435
21356	0.24367402998148333	0.5888576217632523	0.16746834825526435
21357	0.31944227014406457	0.4604699658766415	0.22008776397929392
21358	0.2515787062706171	0.5651177077176186	0.18330358601176422
21359	0.2515787062706171	0.5651177077176186	0.18330358601176422
21360	0.193042908254164	0.5638386896060622	0.24311840213977387
21361	0.250544692614342	0.5713817296888767	0.17807357769678137
21362	0.17077065363117871	0.45496058099903125	0.3742687653697901
21363	0.20320267312341656	0.5531260079849764	0.2436713188916071
21364	0.3970847604621032	0.4332204070400373	0.16969483249785947
21365	0.18541354180072872	0.5994597433505718	0.21512671484869936
21366	0.1709631835352019	0.6256492303364659	0.20338758612833213
21367	0.18223101345246	0.5317616830751729	0.2860073034723671
21368	0.23045436025266341	0.5520600133167638	0.21748562643057268
21369	0.22564045702098096	0.5420189799108469	0.23234056306817208
21370	0.252546361095656	0.5625723383044688	0.18488130059987512
21371	0.272880834886937	0.5213748489717683	0.2057443161412947
21372	0.22504777585930796	0.5815834493800518	0.19336877476064027
21373	0.2489468331893188	0.5422488282464067	0.20880433856427452
21374	0.17443823960203297	0.6790235586333153	0.14653820176465177
21375	0.20482318325048396	0.6333655895528865	0.1618112271966296
21376	0.254438994993458	0.5259095226341088	0.2196514823724331
21377	0.2508834531409575	0.5191527391612918	0.22996380769775074
21378	0.21118331984377403	0.6208855376311488	0.16793114252507704
21379	0.24501254175927792	0.5671400114360299	0.18784744680469223
21380	0.33056214992604294	0.4677663546299124	0.2016714954440447
21381	0.2311758167099053	0.5673375410547467	0.20148664223534807
21382	0.226032469570143	0.5622785432127902	0.21168898721706678
21383	0.28305932337385475	0.5370208808255706	0.17991979580057463
21384	0.16306209912122008	0.5248856321377058	0.31205226874107417
21385	0.18298378835048779	0.5256893272550459	0.29132688439446625
21386	0.2829182656256554	0.4958577717554801	0.22122396261886446
21387	0.2418368870291619	0.577428732489555	0.1807343804812831
21388	0.17873134848638583	0.6366523142384074	0.18461633727520668
21389	0.20597636103283157	0.5995501376770953	0.19447350129007313
21390	0.2636431495118367	0.5482316190671233	0.18812523142104
21391	0.240418449361765	0.6076578554095011	0.1519236952287337
21392	0.24632349953278806	0.542717632224616	0.2109588682425959
21393	0.19336387784145584	0.5611022810931283	0.24553384106541584
21394	0.20606213504359133	0.5624458589002407	0.231492006056168
21395	0.25470742348203734	0.48798312513690123	0.25730945138106137
21396	0.22046092177829163	0.5552880439618813	0.22425103425982712
21397	0.19094145343123103	0.5868951084999362	0.2221634380688328
21398	0.16189070987378115	0.6037175878529032	0.23439170227331568
21399	0.29298508499172077	0.5041953388747434	0.2028195761335358
21400	0.21187129698950058	0.6028248131002071	0.1853038899102923
21401	0.1672133136815781	0.6629056297479791	0.1698810565704427
21402	0.23789111277009567	0.5427534802723611	0.2193554069575431
21403	0.22132694018319113	0.5304391457806802	0.24823391403612866
21404	0.17197101960318242	0.5131535306436079	0.3148754497532097
21405	0.1546093511322872	0.5920520851942477	0.2533385636734651
21406	0.1688564503433686	0.5736445088574909	0.25749904079914054
21407	0.13573796789250012	0.517741428427827	0.34652060367967297
21408	0.1561633676645427	0.6159117805872495	0.22792485174820776
21409	0.21711585260835686	0.605807151796379	0.17707699559526405
21410	0.21711585260835686	0.605807151796379	0.17707699559526405
21411	0.21024017529297434	0.6249630022452373	0.16479682246178828
21412	0.2120267367350175	0.6259537393732845	0.16201952389169802
21413	0.23591865885420948	0.5345793068243795	0.2295020343214111
21414	0.19146914989872635	0.5305950704760272	0.27793577962524646
21415	0.21121750106143827	0.5371707139538999	0.25161178498466175
21416	0.19870977381647578	0.5966010825819896	0.20468914360153465
21417	0.24839206541664866	0.5577730675358509	0.1938348670475004
21418	0.27282246045751457	0.5484621449063728	0.1787153946361126
21419	0.24561222160568033	0.4958043626760625	0.2585834157182572
21420	0.2538142362117141	0.5545250152123723	0.19166074857591353
21421	0.22602929520567464	0.573922611947976	0.20004809284634945
21422	0.21596922109058114	0.5760585139632732	0.2079722649461457
21423	0.18671611428327956	0.648293151779858	0.16499073393686256
21424	0.21099216369761697	0.608646685628383	0.18036115067400005
21425	0.20741204421222822	0.5905932031957385	0.2019947525920333
21426	0.2270584613950744	0.5159604578511948	0.2569810807537309
21427	0.22766340322809497	0.5596982528780473	0.21263834389385775
21428	0.20701731969593307	0.5298721317544797	0.26311054854958715
21429	0.2505438420694902	0.5409214808367415	0.20853467709376833
21430	0.22424127713480213	0.5629209738403542	0.21283774902484362
21431	0.19169914737794286	0.4928338351241028	0.3154670174979544
21432	0.2484220295114643	0.5544506303982772	0.19712734009025845
21433	0.2304850651667745	0.5418813929867593	0.22763354184646623
21434	0.18140554284330293	0.5179261741502613	0.30066828300643583
21435	0.21511441520790983	0.5585236159561795	0.22636196883591067
21436	0.22965396407968092	0.5623017092905437	0.20804432662977546
21437	0.27128045002217505	0.5294242943412566	0.19929525563656839
21438	0.21509234762939944	0.5526016545223122	0.23230599784828826
21439	0.19223109825715257	0.5889640215259783	0.2188048802168692
21440	0.21287020921937	0.5764574442946572	0.2106723464859728
21441	0.20423355319934736	0.6103983460483214	0.18536810075233134
21442	0.20423355319934736	0.6103983460483214	0.18536810075233134
21443	0.3465788962364791	0.46296983143011666	0.19045127233340423
21444	0.27518955809532836	0.5350317969007896	0.18977864500388208
21445	0.2345466115057845	0.5924409185780016	0.1730124699162139
21446	0.22305003670099918	0.5540454096885775	0.22290455361042327
21447	0.17727559160603304	0.572072591971528	0.25065181642243894
21448	0.17561625363670927	0.5689461459923469	0.2554376003709437
21449	0.21167309383728453	0.5646473196375802	0.22367958652513528
21450	0.20112855422056358	0.5708311939675365	0.22804025181189996
21451	0.18284269062236141	0.497506586641801	0.3196507227358376
21452	0.25884294903616273	0.5607740434349834	0.180383007528854
21453	0.25884294903616273	0.5607740434349834	0.180383007528854
21454	0.1712813664794241	0.6717964687151129	0.15692216480546314
21455	0.20971450456878882	0.6008463811853865	0.18943911424582455
21456	0.22030030639859838	0.5983027589195259	0.18139693468187582
21457	0.1996934323448111	0.6323889364513893	0.16791763120379968
21458	0.15432094327166143	0.45818947342130845	0.3874895833070302
21459	0.21759851122688642	0.5698929230440829	0.21250856572903068
21460	0.2206799269384684	0.5585313781626119	0.22078869489891967
21461	0.13572287228877872	0.6165656591033863	0.24771146860783497
21462	0.28657159792928144	0.5381112709954501	0.17531713107526853
21463	0.20259011438155605	0.6132508829490727	0.18415900266937135
21464	0.2628225842294404	0.5288066362915994	0.20837077947896018
21465	0.2889700917352885	0.5372642695017473	0.1737656387629642
21466	0.2627484619248272	0.5412822300691699	0.19596930800600293
21467	0.18545299939628213	0.5720575646301447	0.2424894359735732
21468	0.20278640275286813	0.6213943290362935	0.17581926821083815
21469	0.2177574688031301	0.58919398617324	0.1930485450236298
21470	0.2112581102393382	0.5606774749321842	0.2280644148284776
21471	0.2797497807487941	0.4694508501598742	0.25079936909133166
21472	0.20424760640010908	0.6015561391534716	0.1941962544464194
21473	0.17562177734825804	0.5506187245974181	0.2737594980543239
21474	0.1970187266817732	0.5706357104286047	0.23234556288962213
21475	0.24823157538804683	0.5321604057351675	0.2196080188767856
21476	0.2615777134822847	0.5090181711010638	0.2294041154166514
21477	0.16866571820707288	0.6020205415473532	0.22931374024557402
21478	0.22920831918279522	0.5211199024091888	0.249671778408016
21479	0.23019057634992007	0.5424957142531844	0.22731370939689546
21480	0.24918670061169584	0.5523794983252592	0.19843380106304484
21481	0.2339064511257925	0.5655366687300071	0.20055688014420045
21482	0.2638806724343505	0.5537473883332586	0.1823719392323908
21483	0.27709911231655804	0.5411733220225493	0.18172756566089263
21484	0.1681043074086445	0.6611219934551922	0.1707736991361634
21485	0.19558646302419555	0.6113145180628052	0.1930990189129992
21486	0.15371100155322734	0.46624245036758005	0.38004654807919264
21487	0.15754043145567756	0.4597885532562761	0.38267101528804626
21488	0.11049469360056706	0.508394775335854	0.3811105310635788
21489	0.11948950265802988	0.45710458270426	0.42340591463771016
21490	0.19362725215190837	0.530193232386639	0.27617951546145264
21491	0.2387202071306119	0.5616216923439765	0.19965810052541155
21492	0.24779598785278115	0.5631873864346716	0.1890166257125473
21493	0.20165069399904936	0.569104683925764	0.22924462207518664
21494	0.22418959105059053	0.5846731640152296	0.1911372449341798
21495	0.18408393587005775	0.5754586512227948	0.24045741290714734
21496	0.23181585468713856	0.5957743299580566	0.17240981535480476
21497	0.2321263417968186	0.5891600218302717	0.17871363637290968
21498	0.21666133791665998	0.5848558337377279	0.19848282834561226
21499	0.18435101350096816	0.6462092648287413	0.1694397216702905
21500	0.2460925162543297	0.5604172039555271	0.19349027979014324
21501	0.2077554782808381	0.5862695423524314	0.2059749793667305
21502	0.22462459740258445	0.5816843724322767	0.19369103016513897
21503	0.28022215612394563	0.4997717850836158	0.2200060587924386
21504	0.21759483901705476	0.587475558902653	0.19492960208029214
21505	0.25556187081563636	0.5179427093108779	0.22649541987348568
21506	0.2706225670341388	0.5446975131082334	0.1846799198576278
21507	0.22041333124337917	0.5519132753113496	0.22767339344527115
21508	0.18122899056404085	0.6261677526622134	0.19260325677374573
21509	0.20420134231272333	0.5730167072443599	0.22278195044291674
21510	0.2022595849288042	0.5308259844887075	0.2669144305824882
21511	0.1971839280426555	0.5971683701660015	0.20564770179134295
21512	0.22184003511375222	0.5671378170993169	0.21102214778693096
21513	0.23066157671686313	0.5010277115487273	0.26831071173440957
21514	0.24758135740568007	0.49983882278539016	0.2525798198089299
21515	0.17561423822438738	0.6424784570427339	0.18190730473287867
21516	0.2027836389600496	0.5498009786057881	0.24741538243416228
21517	0.23581058866681978	0.6015073228156287	0.16268208851755142
21518	0.11302889218704919	0.4854891219775315	0.4014819858354194
21519	0.2062167892052974	0.6189739230136405	0.17480928778106217
21520	0.20790335460216158	0.6195400348226378	0.1725566105752007
21521	0.22872982182929363	0.522848872762897	0.24842130540780932
21522	0.22872982182929363	0.522848872762897	0.24842130540780932
21523	0.37027530721423574	0.47650179897422645	0.15322289381153784
21524	0.17292105617457532	0.6580527360301485	0.16902620779527605
21525	0.20442574203067668	0.6095239348551251	0.18605032311419825
21526	0.23583763689090573	0.4944351575395389	0.26972720556955543
21527	0.28458467792725717	0.5522404861483413	0.1631748359244015
21528	0.16306209912122008	0.5248856321377058	0.31205226874107417
21529	0.19770295663244156	0.6271774156096853	0.17511962775787304
21530	0.367081803143107	0.4001012019848673	0.23281699487202567
21531	0.17745705460681677	0.6261399880909958	0.19640295730218746
21532	0.19413969638970563	0.609155883227345	0.1967044203829493
21533	0.20773755174090222	0.6122259725896526	0.1800364756694451
21534	0.20228199242088876	0.5863644866924339	0.2113535208866774
21535	0.16544035294276213	0.5510878478321272	0.28347179922511073
21536	0.18244931438770498	0.5689262995053668	0.24862438610692822
21537	0.2314782969301094	0.5785523164128658	0.18996938665702492
21538	0.23040224450474345	0.5702435913016571	0.19935416419359947
21539	0.2555532977753788	0.5269175080395204	0.21752919418510078
21540	0.20984422647379192	0.5994546969730247	0.19070107655318344
21541	0.3497749730879449	0.509191168692279	0.14103385821977613
21542	0.21517629346483536	0.49382360581651236	0.2910001007186523
21543	0.2333713474345236	0.537906651127212	0.22872200143826438
21544	0.2767876784917241	0.46271172122066906	0.26050060028760685
21545	0.1811274790048059	0.5717782508044909	0.24709427019070318
21546	0.1963692954432491	0.6241897200976122	0.17944098445913867
21547	0.20106964963431578	0.5537286171027418	0.24520173326294245
21548	0.1864611954865548	0.6054464222391217	0.20809238227432345
21549	0.34717231127044823	0.4961326199259404	0.15669506880361125
21550	0.24140183273772836	0.5620265650635881	0.19657160219868364
21551	0.2419875017802885	0.5835993863589607	0.1744131118607509
21552	0.2719689511435485	0.5335586516602462	0.19447239719620527
21553	0.20357463762159803	0.6187996182037941	0.17762574417460777
21554	0.1991352750718008	0.4988731806157692	0.30199154431243
21555	0.1606151801891021	0.4720526079283005	0.3673322118825974
21556	0.17645665037580371	0.5401520052473812	0.2833913443768151
21557	0.19644084475740756	0.5589511854854919	0.24460796975710045
21558	0.21539444347445558	0.5602846170724015	0.22432093945314294
21559	0.21329874246270158	0.464231990049005	0.32246926748829347
21560	0.23979543895244065	0.5877378811345295	0.17246667991302983
21561	0.2613877574312292	0.5712813109874779	0.16733093158129292
21562	0.2059963541704277	0.604278560157365	0.18972508567220728
21563	0.25677992054556764	0.5457701304061325	0.19744994904829982
21564	0.2661924440135095	0.542093020341767	0.19171453564472357
21565	0.22507755318839912	0.5421041375987868	0.23281830921281402
21566	0.22507755318839912	0.5421041375987868	0.23281830921281402
21567	0.2334228357432176	0.5601686635750242	0.20640850068175823
21568	0.28888197123186476	0.44733232479964774	0.2637857039684875
21569	0.19211568806463075	0.5823528240584456	0.22553148787692368
21570	0.20605308263550884	0.5863881714078558	0.20755874595663537
21571	0.1920250122689299	0.6203148897776107	0.18766009795345945
21572	0.2129142562358205	0.6057619005931749	0.18132384317100467
21573	0.2276424354353396	0.5173190416799378	0.2550385228847225
21574	0.21318556559744894	0.5692693943959938	0.21754504000655736
21575	0.17714178813195738	0.6139135281612351	0.20894468370680735
21576	0.19475256588989223	0.6375901054872124	0.16765732862289545
21577	0.2181945880050328	0.5956598813310289	0.18614553066393835
21578	0.17266687971885064	0.5423525096996135	0.28498061058153584
21579	0.21711399337155893	0.5522617240052591	0.230624282623182
21580	0.2242087720728381	0.5529661403557489	0.222825087571413
21581	0.21097983607181656	0.5918609064794941	0.19715925744868942
21582	0.23197352187835457	0.5868216916966389	0.18120478642500648
21583	0.17758498799977127	0.5840646081260521	0.23835040387417658
21584	0.26069072519046305	0.4918026683058192	0.24750660650371775
21585	0.2177317704692432	0.44949088338524723	0.3327773461455096
21586	0.17715670854304452	0.5032308638571602	0.3196124275997953
21587	0.1902454612176171	0.5274647963886818	0.2822897423937011
21588	0.25792183578046146	0.5159360121944313	0.22614215202510715
21589	0.22616718061324925	0.5655978546423369	0.20823496474441391
21590	0.21508949948980152	0.5623434679778516	0.22256703253234683
21591	0.20138523303886868	0.5535634836009244	0.2450512833602069
21592	0.27486515306840825	0.5178816835858976	0.20725316334569427
21593	0.1920540057703298	0.5524399013594845	0.25550609287018566
21594	0.2986595221563784	0.5137296254662675	0.18761085237735403
21595	0.2433299329520947	0.5325116523684565	0.22415841467944872
21596	0.25990841607921217	0.514867907747631	0.22522367617315686
21597	0.1891123266353041	0.6201401373336414	0.1907475360310546
21598	0.23141146981790786	0.589263391664726	0.17932513851736617
21599	0.2688664804008719	0.5800542708814266	0.15107924871770156
21600	0.18204765333651596	0.5962781681098708	0.22167417855361332
21601	0.1679972656591803	0.43846591865242146	0.3935368156883982
21602	0.19481642828954857	0.5187283343338926	0.2864552373765587
21603	0.23435672165572505	0.5413597276721319	0.22428355067214306
21604	0.23435672165572505	0.5413597276721319	0.22428355067214306
21605	0.3201664992989119	0.5085552058995197	0.17127829480156834
21606	0.17554899540172964	0.5439600369971659	0.2804909676011045
21607	0.18739442700093523	0.530633569227537	0.2819720037715278
21608	0.21143287067257482	0.4811103413970917	0.3074567879303335
21609	0.35157530758500055	0.48743824886891285	0.16098644354608654
21610	0.30959860737292183	0.51153531412713	0.178866078499948
21611	0.2670321086698831	0.5890574821474157	0.14391040918270132
21612	0.18829834063557757	0.5266226119105081	0.2850790474539144
21613	0.21790913184174754	0.5021679911988064	0.279922876959446
21614	0.24712758790320144	0.5476475542906112	0.20522485780618743
21615	0.26521807665846847	0.55128448915986	0.18349743418167153
21616	0.2756123188185298	0.541875097648799	0.18251258353267114
21617	0.19732212774104807	0.5498348722719243	0.25284299998702764
21618	0.1864731851296501	0.6082897223680006	0.20523709250234923
21619	0.20544756179295723	0.478974771100565	0.31557766710647783
21620	0.15745676231165115	0.5709086963166504	0.27163454137169846
21621	0.17328952389703328	0.5404218299671512	0.28628864613581556
21622	0.23460292968335833	0.5618096153174595	0.20358745499918215
21623	0.2269266918349829	0.5397177975532811	0.23335551061173604
21624	0.22434411078348096	0.6133504725795081	0.16230541663701095
21625	0.21483134394600142	0.6188931131597343	0.16627554289426427
21626	0.2573648478069581	0.5081890494865349	0.23444610270650693
21627	0.22379619063969658	0.5414900683279266	0.23471374103237685
21628	0.2161126234522811	0.5976731626239726	0.18621421392374626
21629	0.18488581812685728	0.5805280602166784	0.23458612165646434
21630	0.18122467147848603	0.5623598077624832	0.25641552075903074
21631	0.21995929378587298	0.5789432632582876	0.2010974429558394
21632	0.1564977811084453	0.5029701094752648	0.3405321094162899
21633	0.24261701540174588	0.5494984025618037	0.20788458203645038
21634	0.27212236901359443	0.5457935572944281	0.18208407369197743
21635	0.2400581499666301	0.5813820879229661	0.17855976211040384
21636	0.2145434428087794	0.5786432542609969	0.2068133029302236
21637	0.21262514226010581	0.5697197588642904	0.21765509887560386
21638	0.2633774239426501	0.5484022187410518	0.18822035731629813
21639	0.17753360396613735	0.6189434947930823	0.20352290124078026
21640	0.19561205581147345	0.5836146769183839	0.22077326727014265
21641	0.2194190306828864	0.5816547471599159	0.19892622215719769
21642	0.20377203217710468	0.5937789943813448	0.2024489734415504
21643	0.21952777243551463	0.5734050747164098	0.20706715284807561
21644	0.2255704957423315	0.5751813902996901	0.19924811395797842
21645	0.2237819722633971	0.5679703727997029	0.20824765493690012
21646	0.21433361139641582	0.5098727878167083	0.27579360078687587
21647	0.1965327144431066	0.6236927441606193	0.17977454139627422
21648	0.18256580097399805	0.6574773856250008	0.15995681340100112
21649	0.18537729371255796	0.5967665290148186	0.21785617727262346
21650	0.20292542210501918	0.5532687368628328	0.24380584103214795
21651	0.22914542642220903	0.5534707085075389	0.21738386507025206
21652	0.25981544880100077	0.5470148679314087	0.1931696832675905
21653	0.20312830906755222	0.592165927992759	0.2047057629396888
21654	0.21152128404900272	0.5985902880083317	0.1898884279426656
21655	0.21308361890192656	0.5810369073106934	0.20587947378738009
21656	0.23456092460788586	0.5515958387546279	0.21384323663748622
21657	0.1896099513282825	0.5240108091606631	0.28637923951105443
21658	0.2129834354151486	0.5235775007818698	0.26343906380298165
21659	0.24334016999126165	0.5485641444168127	0.20809568559192562
21660	0.19746063357270782	0.5424377702597601	0.260101596167532
21661	0.22839696317566993	0.5769528441685791	0.19465019265575095
21662	0.2535454398130686	0.5863680446889968	0.16008651549793448
21663	0.25844189317592925	0.5539303306390836	0.18762777618498713
21664	0.19821650058488008	0.5843020995562924	0.2174813998588275
21665	0.2500721650666457	0.5412721022393988	0.20865573269395557
21666	0.3026765281520571	0.5465840924393369	0.15073937940860602
21667	0.21262954570519546	0.5625477572150664	0.22482269707973818
21668	0.20753465831831072	0.53753668224079	0.2549286594408993
21669	0.23272886870336618	0.5674053287488366	0.19986580254779718
21670	0.23055104479498476	0.5633033957772994	0.20614555942771592
21671	0.21771223956573982	0.5814726676184642	0.200815092815796
21672	0.24044767946271586	0.5425460762775699	0.21700624425971424
21673	0.20316139310234121	0.5696595117764447	0.22717909512121412
21674	0.21496823364523687	0.6060169499570237	0.17901481639773953
21675	0.21826578173814387	0.5954217688581136	0.18631244940374256
21676	0.19058206406989908	0.5761583570501437	0.2332595788799572
21677	0.22208378967268136	0.5779917492238095	0.1999244611035091
21678	0.1564062383922244	0.42619198190274665	0.417401779705029
21679	0.17198662805830772	0.6118345102789848	0.2161788616627075
21680	0.2407163300257144	0.5749011102005323	0.18438255977375329
21681	0.2268744680109153	0.5575157727141268	0.2156097592749579
21682	0.16306209912122008	0.5248856321377058	0.31205226874107417
21683	0.19829779662374264	0.6448100325132168	0.15689217086304064
21684	0.2990427443896953	0.526556852765046	0.17440040284525865
21685	0.21788720171486173	0.6025709691027261	0.1795418291824122
21686	0.22130694544539503	0.5488430590952652	0.22984999545933973
21687	0.23173851258096784	0.5174097027447784	0.2508517846742537
21688	0.23406179978149705	0.5359955856504113	0.22994261456809162
21689	0.27470648770101763	0.5382824485957841	0.18701106370319825
21690	0.27243762448989745	0.5556169594540661	0.17194541605603644
21691	0.2640407854322913	0.495323517425365	0.2406356971423437
21692	0.26291686994230995	0.4590275011776052	0.27805562888008484
21693	0.17530558749055974	0.521663426378699	0.3030309861307413
21694	0.19207370047077577	0.5729029776915373	0.23502332183768695
21695	0.2884620767471257	0.5254181535533481	0.1861197696995263
21696	0.1742924123461861	0.6524892087604262	0.1732183788933879
21697	0.20320827565605462	0.5979617594735533	0.198829964870392
21698	0.17244571638490291	0.5931868199436775	0.23436746367141972
21699	0.17965729130776983	0.5559103458634858	0.26443236282874444
21700	0.2149821215899676	0.5314365775788779	0.2535813008311545
21701	0.2547144653309599	0.59871955022992	0.14656598443912022
21702	0.21168407916555704	0.5707522866963625	0.2175636341380805
21703	0.22136730982715214	0.561177370753608	0.21745531941923987
21704	0.23672164103847607	0.5838410648759216	0.17943729408560238
21705	0.21826179547788027	0.5522489035902166	0.22948930093190315
21706	0.24050012032456217	0.574881766021055	0.18461811365438283
21707	0.2411382369558614	0.5087046543895399	0.2501571086545986
21708	0.20396823593009178	0.5490253079322897	0.2470064561376186
21709	0.18139467524960015	0.5637095190802182	0.25489580567018166
21710	0.21583162200040495	0.5625824271374902	0.2215859508621049
21711	0.304416382668424	0.5201133279934561	0.17547028933811998
21712	0.23604522071433767	0.5602269029143007	0.20372787637136164
21713	0.22074284962231955	0.5829012459253026	0.19635590445237783
21714	0.17556379005757544	0.6027978259546501	0.2216383839877744
21715	0.1923872042600684	0.5914209499824981	0.21619184575743353
21716	0.19629653117308976	0.6077802286371864	0.19592324018972376
21717	0.195104185749952	0.633487081225463	0.1714087330245848
21718	0.18458057110517062	0.5696672989497855	0.2457521299450438
21719	0.16194844087123958	0.4448940499593507	0.3931575091694096
21720	0.20150916145526257	0.5825648592597267	0.2159259792850108
21721	0.20873684349759752	0.5868029948899895	0.20446016161241298
21722	0.15627380913740258	0.5819766187081887	0.2617495721544087
21723	0.1760117075835254	0.5426375250785248	0.2813507673379498
21724	0.2539171827343974	0.4766771066864641	0.2694057105791386
21725	0.2601134507316228	0.38757022776810063	0.3523163215002766
21726	0.3002511022409478	0.4499522860286922	0.24979661173036002
21727	0.27584604295035237	0.4652840938050863	0.2588698632445614
21728	0.21622502772676988	0.5400103314261867	0.24376464084704333
21729	0.23058690792107414	0.5424714703352792	0.22694162174364668
21730	0.21097506837198707	0.550502688272417	0.2385222433555959
21731	0.22912172810049974	0.5620944919377009	0.20878377996179928
21732	0.20468742224067984	0.6044556291855621	0.19085694857375826
21733	0.24036492676228238	0.5371650772108494	0.2224699960268683
21734	0.21221267379294873	0.566822398724823	0.22096492748222835
21735	0.2505009914082022	0.5879998329822294	0.1614991756095684
21736	0.23517334247456081	0.40415659366059536	0.3606700638648439
21737	0.19031350045751733	0.4729765731442647	0.33670992639821795
21738	0.23569178439916255	0.5970034456517752	0.16730476994906232
21739	0.24355433175725025	0.5565490441636868	0.1998966240790629
21740	0.2139037822935898	0.572177560945252	0.21391865676115818
21741	0.21042198975761325	0.564994916124924	0.22458309411746274
21742	0.1889020809047022	0.584542639893856	0.22655527920144183
21743	0.17982067572225022	0.6399456441279017	0.18023368014984809
21744	0.20986738485086362	0.5748414530548794	0.21529116209425697
21745	0.24522416518142	0.5531676026768695	0.20160823214171045
21746	0.22647434912308412	0.5681853846735716	0.20534026620334425
21747	0.2121527147563026	0.5005981571630693	0.2872491280806281
21748	0.2136015114678938	0.551209248231358	0.23518924030074825
21749	0.23806033212943328	0.5657030498660925	0.1962366180044741
21750	0.20419804234380687	0.5634109697984077	0.23239098785778542
21751	0.18862984379758863	0.6202626653633604	0.19110749083905104
21752	0.18694177248432473	0.6288997366798537	0.18415849083582153
21753	0.21035571490312716	0.5704782786989658	0.219166006397907
21754	0.22474823357330936	0.5777171396380375	0.1975346267886532
21755	0.1612153812953315	0.5491521826234154	0.28963243608125316
21756	0.21311971818223693	0.559091754632315	0.22778852718544815
21757	0.21489083746815738	0.5509715252546478	0.23413763727719497
21758	0.24698055945578803	0.5524069069506952	0.20061253359351675
21759	0.15273717934301784	0.5389051892461565	0.30835763141082556
21760	0.22400828242727402	0.6089146669317129	0.167077050641013
21761	0.2426222926871507	0.5803042268354807	0.17707348047736862
21762	0.23809800484893354	0.5809750771278571	0.1809269180232093
21763	0.2205430421007214	0.48064371035085657	0.298813247548422
21764	0.2512204265360147	0.5485910115503742	0.20018856191361117
21765	0.21906724380169548	0.5781948362090539	0.2027379199892506
21766	0.26142097445589235	0.5659586385086287	0.17262038703547902
21767	0.21352953197673583	0.6041527043604075	0.18231776366285662
21768	0.21927140285793983	0.6067733106432346	0.17395528649882555
21769	0.21927140285793983	0.6067733106432346	0.17395528649882555
21770	0.2633874177578537	0.4967631520752577	0.2398494301668886
21771	0.21283322853537331	0.5447368415207636	0.2424299299438631
21772	0.17299054245734752	0.5711479313010127	0.2558615262416398
21773	0.20053591641883975	0.6027434015517232	0.19672068202943696
21774	0.22466724661762394	0.6143626485281629	0.16097010485421315
21775	0.264936764333547	0.550450576927487	0.18461265873896593
21776	0.19028064085785668	0.6130841692673843	0.19663518987475903
21777	0.19469119103674198	0.6329622366510748	0.17234657231218337
21778	0.24113621220089176	0.6047215601433404	0.15414222765576774
21779	0.29577817664989736	0.5407571461624965	0.16346467718760618
21780	0.22277520562933115	0.5650807968232807	0.21214399754738805
21781	0.18967232606465784	0.5671488922032447	0.2431787817320974
21782	0.27022995976693925	0.561573943926051	0.16819609630700974
21783	0.26486778027766045	0.5349902393188666	0.20014198040347309
21784	0.24445201333724068	0.5545220764937525	0.20102591016900687
21785	0.19901262507915812	0.5762462940027756	0.22474108091806627
21786	0.19901262507915812	0.5762462940027756	0.22474108091806627
21787	0.22847364011730542	0.5415824998698653	0.22994386001282918
21788	0.17011780608748844	0.5642184471567254	0.26566374675578613
21789	0.2168549007621317	0.5948929612316303	0.188252138006238
21790	0.20811321430350171	0.5734469015748013	0.21843988412169704
21791	0.26531840630470993	0.5223624752990335	0.21231911839625656
21792	0.28379453842702196	0.49490605739160104	0.22129940418137706
21793	0.22663900749786464	0.6057919825023178	0.16756900999981766
21794	0.23494274462910764	0.6051849533826308	0.15987230198826158
21795	0.24437916557385145	0.5115436958864068	0.24407713853974175
21796	0.31171132224460774	0.48563094793303535	0.2026577298223569
21797	0.20132760742864542	0.5940681347669983	0.2046042578043563
21798	0.41321317788553014	0.4300170557480892	0.15676976636638065
21799	0.15595305605196608	0.5906975331406842	0.25334941080734974
21800	0.1707501859825281	0.6040131276996143	0.22523668631785745
21801	0.23428539445757016	0.5592066740402416	0.2065079315021883
21802	0.24248484748473512	0.578647146792018	0.17886800572324688
21803	0.24665505943843927	0.5863238967233487	0.16702104383821206
21804	0.24507919624313704	0.518537234387056	0.23638356936980703
21805	0.23798650177796585	0.573147992597693	0.18886550562434112
21806	0.375065010286211	0.4328512820536772	0.19208370766011182
21807	0.2100449270152704	0.5771558044926065	0.21279926849212316
21808	0.22126345285886598	0.5814829868917359	0.19725356024939808
21809	0.20837494589806593	0.5708970851145696	0.22072796898736446
21810	0.2220077194282312	0.5761091168596106	0.20188316371215806
21811	0.2705873555804645	0.52794564499278	0.20146699942675553
21812	0.2548449073451042	0.5814940197185554	0.16366107293634038
21813	0.2617220409422994	0.5108724099430686	0.22740554911463204
21814	0.23494274462910764	0.6051849533826308	0.15987230198826158
21815	0.17922792392809414	0.550439574815117	0.27033250125678887
21816	0.21601281463212307	0.609753493755201	0.1742336916126759
21817	0.22986397376782683	0.6061073694447865	0.1640286567873866
21818	0.2975559345211242	0.5249057238568033	0.17753834162207247
21819	0.28101121907725646	0.5550175900984783	0.16397119082426517
21820	0.2323832358021234	0.6282461686184384	0.13937059557943818
21821	0.26275462936075017	0.5833231946842566	0.15392217595499308
21822	0.22356851983013157	0.5673199370380595	0.20911154313180896
21823	0.15053433655570125	0.636841889680219	0.21262377376407976
21824	0.2369974063577022	0.5717512300684088	0.19125136357388905
21825	0.21717290011287632	0.5626463504274926	0.22018074945963106
21826	0.18557435753771473	0.6312472135774225	0.18317842888486272
21827	0.21047910665732378	0.5870793708690822	0.20244152247359407
21828	0.22614101746585338	0.6360122272920817	0.13784675524206474
21829	0.20610128697696928	0.5916814129159618	0.2022173001070689
21830	0.2099186286453233	0.6394051790865952	0.15067619226808143
21831	0.26356231946147085	0.5792949650895272	0.15714271544900213
21832	0.2159969758329417	0.6203422295683105	0.1636607945987476
21833	0.2673437038172658	0.5010210764257579	0.23163521975697624
21834	0.17043809372432508	0.539175062413843	0.2903868438618319
21835	0.20968523910683884	0.5426051606889398	0.24770960020422136
21836	0.22956152438595706	0.6157637367965703	0.1546747388174727
21837	0.22701185787155242	0.5290961981373979	0.24389194399104958
21838	0.2507903002703306	0.5328031352577048	0.21640656447196455
21839	0.20771216868179662	0.4946282830955465	0.2976595482226569
21840	0.1636967870263774	0.6310450716535998	0.20525814132002293
21841	0.23744807003258014	0.5762634773019653	0.1862884526654546
21842	0.18750226493353933	0.5490400430001909	0.2634576920662697
21843	0.19263895911074908	0.5509140915371038	0.2564469493521472
21844	0.2509871063687764	0.5987416182879124	0.15027127534331117
21845	0.23604417824010016	0.5790746899481661	0.18488113181173368
21846	0.24354926240788644	0.5339191701422094	0.2225315674499043
21847	0.35659122689875633	0.49612858603546367	0.14728018706578
21848	0.22585902709413758	0.615286401653274	0.1588545712525884
21849	0.18598685842623755	0.5399124053045339	0.27410073626922854
21850	0.26807754520313176	0.5679631170856081	0.16395933771126017
21851	0.20792723702556223	0.611687228972627	0.18038553400181082
21852	0.18637357863870074	0.6002413621947882	0.2133850591665111
21853	0.22369236035935205	0.5519729097125252	0.22433472992812278
21854	0.2545212298353118	0.5493727613901374	0.1961060087745509
21855	0.22727409286241737	0.6131297989100768	0.15959610822750578
21856	0.2512393676783675	0.5781102260767728	0.1706504062448597
21857	0.237620191719812	0.49716931866544467	0.2652104896147434
21858	0.21047157886318438	0.5785163339722047	0.21101208716461092
21859	0.22450323805659847	0.5666616951043286	0.20883506683907288
21860	0.18269086728107475	0.5024608568639224	0.31484827585500275
21861	0.21607266019070373	0.5253954128455525	0.2585319269637438
21862	0.2480027280505578	0.5162916660908371	0.23570560585860512
21863	0.2932600420720979	0.5151553096534951	0.19158464827440694
21864	0.16607089611653608	0.5646263240120519	0.26930277987141193
21865	0.17524975087952355	0.5180540329377449	0.3066962161827315
21866	0.31635805467487077	0.5253007807223803	0.15834116460274894
21867	0.20778679923067608	0.5920537188867514	0.2001594818825725
21868	0.2245073734598376	0.573787809039281	0.2017048175008814
21869	0.2245073734598376	0.573787809039281	0.2017048175008814
21870	0.20026904486494904	0.5934106163317278	0.20632033880332323
21871	0.1896630420291542	0.522315561598128	0.28802139637271784
21872	0.19216837013026306	0.6363170017709681	0.1715146280987688
21873	0.22102619650272107	0.5836631639051962	0.19531063959208264
21874	0.19239734914284382	0.602836169869509	0.20476648098764696
21875	0.2159599474968847	0.55865063629105	0.22538941621206524
21876	0.21786861887022924	0.5863376281614848	0.19579375296828597
21877	0.21866351694240277	0.5120725402993499	0.2692639427582473
21878	0.2360684638616404	0.557235995336837	0.20669554080152255
21879	0.18785978892862826	0.5258308518462572	0.28630935922511447
