40860	0.28681051453685796	0.4364909169835559	0.2766985684795862
40861	0.32120128799014763	0.4103607598596753	0.2684379521501772
40862	0.26205730171606156	0.5468711699664145	0.1910715283175239
40863	0.24034304590086664	0.5753158896630575	0.18434106443607595
40864	0.2045416365880219	0.4694824816996135	0.3259758817123647
40865	0.24948962904098002	0.5365663768245611	0.21394399413445894
40866	0.25073867758255836	0.5175909164307674	0.23167040598667432
40867	0.20569465564914546	0.5171493186973937	0.27715602565346087
40868	0.27056134942419513	0.503657088696596	0.2257815618792089
40869	0.21249626380183576	0.48776694394279946	0.29973679225536476
40870	0.24472922008937192	0.5428344286922654	0.21243635121836257
40871	0.2430895672833083	0.5666167187221389	0.1902937139945527
40872	0.1891188689627958	0.5595841592944513	0.25129697174275295
40873	0.2216094245902738	0.527299200961391	0.2510913744483351
40874	0.2991940366366672	0.49365845733915126	0.20714750602418147
40875	0.3352622966968355	0.48655098970809235	0.17818671359507215
40876	0.2590291944010314	0.4838319265254538	0.2571388790735148
40877	0.2058551416267679	0.4903835270531359	0.3037613313200962
40878	0.25610362759963373	0.5230522850745384	0.22084408732582791
40879	0.31178046591176933	0.5007997012693793	0.1874198328188513
40880	0.2014558214566783	0.5792710173717568	0.21927316117156487
40881	0.3176793326977786	0.4710856716534808	0.2112349956487406
40882	0.19317596223043704	0.47569679786707464	0.3311272399024882
40883	0.31076056387966544	0.438922798206506	0.2503166379138286
40884	0.21972965658030438	0.5517890657149706	0.22848127770472515
40885	0.21349791746109223	0.5374396848597807	0.2490623976791271
40886	0.25168018832765876	0.5365347852826623	0.21178502638967892
40887	0.28582538484962433	0.5074267235642893	0.20674789158608634
40888	0.32062803438894777	0.466321461925263	0.21305050368578915
40889	0.32488202061397736	0.4918720110960811	0.18324596828994158
40890	0.20759016830642524	0.506558061985158	0.2858517697084168
40891	0.24511904045100946	0.5175832417051157	0.23729771784387488
40892	0.336491179750737	0.48816318578196705	0.175345634467296
40893	0.19062827437986782	0.5603584097700521	0.24901331585008002
40894	0.2181476235562453	0.5527742187740304	0.22907815766972428
40895	0.2926006986565505	0.5050697682326308	0.20232953311081867
40896	0.2926006986565505	0.5050697682326308	0.20232953311081867
40897	0.29135589987487437	0.5250468548039181	0.18359724532120755
40898	0.22859089403365107	0.5479047250287776	0.22350438093757133
40899	0.29461337218884115	0.4985700082532352	0.20681661955792366
40900	0.197977287698453	0.5825219726165087	0.21950073968503828
40901	0.22256937404393534	0.576049838892407	0.2013807870636577
40902	0.1942078217827651	0.6056754912411352	0.20011668697609977
40903	0.36594139732315	0.4482102623119666	0.18584834036488337
40904	0.2355427506080461	0.5855662153422436	0.1788910340497102
40905	0.22685436954468235	0.5558997528275181	0.2172458776277995
40906	0.2152970299513023	0.5223650523038238	0.2623379177448739
40907	0.27462128987776985	0.44210466781773955	0.28327404230449044
40908	0.27091823767636936	0.5623800616979073	0.16670170062572334
40909	0.25109797459141253	0.47486581006359346	0.27403621534499395
40910	0.17528464256083945	0.5691000846033172	0.25561527283584334
40911	0.3797058836906326	0.40586592155116324	0.21442819475820427
40912	0.24707441025137208	0.5560149967296812	0.1969105930189467
40913	0.2202987552458969	0.5679426835218373	0.2117585612322657
40914	0.19618920256582006	0.5172175694210487	0.28659322801313125
40915	0.24103107768159465	0.5376994194352726	0.22126950288313277
40916	0.26665115180543336	0.5444083883875191	0.1889404598070475
40917	0.258869928607714	0.5642220334619318	0.17690803793035415
40918	0.2991946448400758	0.4835674137550153	0.21723794140490893
40919	0.2718837065406731	0.5255783237913292	0.2025379696679976
40920	0.21689616638814252	0.5314692566653701	0.25163457694648733
40921	0.2500557784508246	0.5465714071730745	0.20337281437610086
40922	0.21916816737140318	0.485396872865375	0.2954349597632218
40923	0.1986500101887506	0.5769334608933221	0.2244165289179273
40924	0.17867517430065402	0.6286287020656482	0.19269612363369779
40925	0.21198978563991158	0.5254224821018182	0.2625877322582702
40926	0.20169267200587382	0.4837493452302952	0.3145579827638309
40927	0.1755840238458146	0.5045581962261396	0.31985777992804587
40928	0.22303611725482766	0.5860484407697236	0.19091544197544866
40929	0.23047644534996634	0.5805647073989516	0.18895884725108195
40930	0.24679361894391788	0.513882216921674	0.2393241641344081
40931	0.2470293460481038	0.5037176685211693	0.24925298543072694
40932	0.2786339185670993	0.5521382284895372	0.1692278529433635
40933	0.20072548641124174	0.5384319988074315	0.26084251478132675
40934	0.2251665205678561	0.5208827472825278	0.25395073214961605
40935	0.2540791325617877	0.5392406039658313	0.206680263472381
40936	0.20537799606160473	0.4957938700166772	0.2988281339217182
40937	0.2023691757046262	0.45370370095172763	0.3439271233436463
40938	0.16762579269462477	0.4585909847368263	0.3737832225685489
40939	0.2563091306524312	0.47525141264054405	0.2684394567070248
40940	0.1839647108333154	0.5777156904525543	0.23831959871413028
40941	0.2236018654528357	0.5697081937900559	0.20668994075710842
40942	0.2817357147562001	0.5351875376599626	0.18307674758383732
40943	0.2679750720088394	0.5525501147700788	0.17947481322108183
40944	0.21310731083545498	0.4567767872853153	0.33011590187922973
40945	0.2455576142406543	0.559955237424715	0.1944871483346308
40946	0.21039299719461413	0.5985935096175061	0.19101349318787975
40947	0.22705651928883294	0.5414217263431532	0.23152175436801378
40948	0.3266896212325522	0.49850306252287563	0.1748073162445722
40949	0.20939764296741809	0.557325865583996	0.23327649144858603
40950	0.26255956501174704	0.5630025830360743	0.1744378519521788
40951	0.23557891451009286	0.4595834151345042	0.304837670355403
40952	0.3000417859679191	0.4736782970409425	0.2262799169911384
40953	0.23208094252243344	0.579125649122653	0.18879340835491362
40954	0.233591981132069	0.5224406904206635	0.24396732844726743
40955	0.17138750099489433	0.4485391322383104	0.38007336676679526
40956	0.20019895920670322	0.4801754789964461	0.31962556179685064
40957	0.20370408409952145	0.5592436430487908	0.23705227285168776
40958	0.18171857032646815	0.5757620353750185	0.2425193942985135
40959	0.2002849034738192	0.5713674351216366	0.22834766140454416
40960	0.22637088007528783	0.6062924831611911	0.16733663676352103
40961	0.17809173602577477	0.47951519324887876	0.3423930707253465
40962	0.1969524284158273	0.5037932256255122	0.2992543459586606
40963	0.2896679484863089	0.5206458822130129	0.18968616930067816
40964	0.2226841360007998	0.5545584248740949	0.2227574391251054
40965	0.21220559775912848	0.5884566134202492	0.1993377888206223
40966	0.2557058728292977	0.5375755987762366	0.20671852839446567
40967	0.18922754044388249	0.5484244679269109	0.2623479916292066
40968	0.24277513368427925	0.5758737782988821	0.18135108801683875
40969	0.29254290932020455	0.5255103005152056	0.18194679016458973
40970	0.19974513346008782	0.4491909613472437	0.35106390519266856
40971	0.2829229585209711	0.5348245470228908	0.1822524944561381
40972	0.20088814296846885	0.5520374997084831	0.24707435732304808
40973	0.19972650710181658	0.5253842263497887	0.2748892665483948
40974	0.20697845927086178	0.5118747328168677	0.28114680791227054
40975	0.22643581463955353	0.5501253063165847	0.22343887904386175
40976	0.20059128520277883	0.5878318433232248	0.2115768714739964
40977	0.23215601743885475	0.5075542960532717	0.26028968650787354
40978	0.19035128041590682	0.5609100772108018	0.24873864237329132
40979	0.25783580805819295	0.5000909480564588	0.24207324388534818
40980	0.20908750832219739	0.5081587242326879	0.28275376744511466
40981	0.25020862100144664	0.5547319542271583	0.1950594247713951
40982	0.19599636665764691	0.5392705572343987	0.26473307610795455
40983	0.23254996803670408	0.5254358281150442	0.24201420384825173
40984	0.23677085272372297	0.45734692364079427	0.30588222363548284
40985	0.22069740635391555	0.5677975292576483	0.2115050643884362
40986	0.2803333858544989	0.475086309084256	0.24458030506124503
40987	0.2304511827219384	0.5684348885194048	0.20111392875865666
40988	0.22268788042647303	0.5087544416997032	0.2685576778738238
40989	0.19589379891785988	0.5684107535126836	0.23569544756945657
40990	0.20060113641395538	0.5544211844296834	0.2449776791563613
40991	0.17883854792280318	0.5828814813080665	0.2382799707691303
40992	0.21717363133925344	0.586750567268177	0.19607580139256958
40993	0.2004214921248769	0.5599274541216848	0.23965105375343843
40994	0.18856477772186175	0.4464608626460505	0.3649743596320877
40995	0.310058945835286	0.45955263427218085	0.2303884198925331
40996	0.24751512533808465	0.4678114822565031	0.28467339240541223
40997	0.29847431502116495	0.5126216739632056	0.18890401101562948
40998	0.34732206480240496	0.4505961561370659	0.20208177906052924
40999	0.23577024998914117	0.5483118538819896	0.2159178961288692
41000	0.21145422737522312	0.606348817071488	0.182196955553289
41001	0.2222529132972005	0.6017560010881468	0.17599108561465276
41002	0.24676487952320578	0.46379952159119575	0.2894355988855985
41003	0.17727055668819408	0.6696520004518208	0.153077442859985
41004	0.2098875371351334	0.5662555522102412	0.2238569106546255
41005	0.21019400807759328	0.5396443696497066	0.25016162227270017
41006	0.33307946105204245	0.3976857411459451	0.2692347978020124
41007	0.22946599417743127	0.5694229564251743	0.2011110493973945
41008	0.22161932112961952	0.553849161053209	0.22453151781717157
41009	0.20568299584026817	0.569818967425111	0.22449803673462093
41010	0.24551275062410657	0.5363103067138262	0.21817694266206736
41011	0.21269036967667454	0.6294061461139167	0.15790348420940883
41012	0.2315219665693993	0.5524453248412684	0.21603270858933227
41013	0.26452606666155815	0.5086376278453966	0.22683630549304531
41014	0.2324548889123656	0.5583602322260819	0.20918487886155251
41015	0.3079246458949571	0.4648436719533944	0.2272316821516485
41016	0.2108876319743799	0.5873081912189528	0.20180417680666723
41017	0.3572988976822141	0.4122905842111602	0.23041051810662566
41018	0.38935946874493027	0.39410989256854845	0.21653063868652123
41019	0.19712728138031352	0.48619925004319425	0.31667346857649226
41020	0.23812201883540118	0.5397047840202265	0.22217319714437225
41021	0.2350757168892948	0.5383396613576253	0.22658462175307983
41022	0.34625360842666947	0.4124372573164555	0.2413091342568751
41023	0.3164141209488109	0.39926090412336845	0.28432497492782055
41024	0.1664341204738319	0.4366409281041729	0.39692495142199524
41025	0.24653389249388094	0.4974739387611891	0.2559921687449299
41026	0.2355165009827203	0.5706647339614492	0.19381876505583046
41027	0.22046412555745692	0.5299683275434233	0.24956754689911984
41028	0.21263448577486813	0.5751493881585609	0.21221612606657098
41029	0.21263448577486813	0.5751493881585609	0.21221612606657098
41030	0.2820347378208735	0.5335217207382917	0.1844435414408347
41031	0.20099390814647702	0.492647500864184	0.306358590989339
41032	0.19327652049608662	0.4715493683427778	0.3351741111611356
41033	0.19916608984444523	0.5232617673266471	0.27757214282890774
41034	0.1958613561015834	0.43785144149541116	0.36628720240300544
41035	0.3047229035982141	0.4669967033055734	0.22828039309621265
41036	0.2353600667568163	0.5318815123793523	0.23275842086383133
41037	0.2345676228607157	0.5727292080160522	0.19270316912323202
41038	0.2538101692572989	0.514383640016805	0.2318061907258961
41039	0.2466356762061366	0.5513347640329678	0.2020295597608956
41040	0.2286362335791792	0.5191020759652342	0.2522616904555866
41041	0.20488535103857894	0.5226900615014873	0.27242458745993375
41042	0.24538069058820422	0.5151148748577402	0.2395044345540556
41043	0.17931713511314054	0.5954957135555425	0.22518715133131706
41044	0.2795007038610252	0.556061235579268	0.16443806055970664
41045	0.2491642839471543	0.576626790333253	0.17420892571959248
41046	0.3038393849669427	0.4339976844946431	0.26216293053841416
41047	0.2708076824002005	0.5172854680467168	0.21190684955308267
41048	0.30259036677558604	0.4944996751988981	0.2029099580255158
41049	0.2491642839471543	0.576626790333253	0.17420892571959248
41050	0.21461016093819577	0.5430209704532927	0.2423688686085116
41051	0.4001233569184904	0.3910434953003007	0.208833147781209
41052	0.23867223882407748	0.5903455226425667	0.17098223853335573
41053	0.2834641559784415	0.5403718891517678	0.17616395486979072
41054	0.276486500166415	0.5683293183191463	0.15518418151443866
41055	0.26656698989144284	0.4660373075302298	0.26739570257832734
41056	0.22126228103601442	0.4894607079367691	0.28927701102721654
41057	0.24632056278309897	0.513142680765493	0.24053675645140804
41058	0.23642247451221765	0.5437820466657697	0.21979547882201267
41059	0.21083939744739894	0.554515640908376	0.234644961644225
41060	0.2715998881079603	0.4915070342974211	0.23689307759461867
41061	0.21982809165068423	0.5091965328169301	0.2709753755323856
41062	0.20747268267025573	0.5453805506694501	0.24714676666029411
41063	0.24469948343201142	0.5328010813509917	0.22249943521699678
41064	0.2273679624807574	0.5664561357782004	0.2061759017410422
41065	0.19849876290935645	0.5142185827846538	0.2872826543059897
41066	0.23030784302254123	0.5519202632981209	0.21777189367933789
41067	0.20075630949890672	0.5717111144500806	0.22753257605101274
41068	0.2200940449218798	0.5661762283116095	0.21372972676651067
41069	0.3602898822623459	0.42881100668813665	0.21089911104951747
41070	0.16354775370882713	0.5603221667047833	0.2761300795863897
41071	0.23812201883540118	0.5397047840202265	0.22217319714437225
41072	0.3306320540779295	0.49242883711490815	0.17693910880716238
41073	0.19021518635715395	0.5195909739888768	0.29019383965396933
41074	0.3310626017757963	0.4900083650261923	0.17892903319801143
41075	0.31250641558740017	0.5101745336661053	0.1773190507464945
41076	0.28076199425112097	0.48620827659582305	0.233029729153056
41077	0.26809776916151545	0.5089593190881315	0.22294291175035302
41078	0.18826320137945118	0.5206139073223107	0.2911228912982381
41079	0.25003775282646123	0.5381915195048124	0.21177072766872643
41080	0.23166397296429528	0.5164055664301184	0.25193046060558627
41081	0.2813230078853823	0.4624876669917077	0.25618932512291004
41082	0.3008932098210843	0.4781484281172294	0.22095836206168631
41083	0.25773664451143513	0.514198793134393	0.22806456235417194
41084	0.3779423437100628	0.452875514433566	0.16918214185637126
41085	0.23073541655751773	0.4994853316396399	0.26977925180284235
41086	0.340109704257069	0.4648324005555187	0.1950578951874122
41087	0.1976349148305323	0.5003346294178178	0.3020304557516499
41088	0.17774860631647355	0.5059630633492831	0.3162883303342433
41089	0.2187361574459043	0.5375084608688891	0.24375538168520655
41090	0.23032794690011504	0.5648186048433089	0.20485344825657606
41091	0.2142941246610696	0.5324682790708316	0.2532375962680988
41092	0.21433000448392767	0.4795710419255314	0.3060989535905409
41093	0.19864520124726484	0.5411342772169214	0.2602205215358137
41094	0.27156615449960264	0.4950353296673469	0.23339851583305035
41095	0.24433518682134658	0.5206227551604052	0.2350420580182482
41096	0.19009570366633177	0.576024169190354	0.2338801271433143
41097	0.25502051553219646	0.5461837237747375	0.19879576069306612
41098	0.2849850320205002	0.505435112313026	0.20957985566647389
41099	0.20471671522889187	0.5871576976258184	0.20812558714528961
41100	0.20881749043588674	0.48712795206551696	0.3040545574985963
41101	0.23921135792091583	0.5133039058050911	0.2474847362739931
41102	0.20810713133777028	0.5666747680069084	0.22521810065532125
41103	0.22581231518274728	0.5457971538349432	0.22839053098230952
41104	0.2644082320225783	0.5474471871918701	0.18814458078555157
41105	0.23684223693973072	0.5428865301236342	0.22027123293663506
41106	0.24111675421259457	0.5525387247700216	0.20634452101738388
41107	0.2892096002062914	0.5211591428033997	0.18963125699030886
41108	0.18034077610822088	0.5629880161547179	0.2566712077370612
41109	0.26282202693347373	0.5176976007798514	0.21948037228667483
41110	0.29139726364619756	0.5339142192045526	0.1746885171492499
41111	0.21797352866340464	0.5674838587242707	0.21454261261232474
41112	0.3420404423783176	0.44440052806035285	0.2135590295613295
41113	0.2496523331073731	0.5465770140860836	0.20377065280654325
41114	0.26833781127800244	0.5381734343751001	0.19348875434689747
41115	0.3092716240510436	0.490312340974358	0.20041603497459834
41116	0.18166418114953406	0.5956058711442394	0.22272994770622676
41117	0.18666905945948564	0.3590848439345866	0.45424609660592774
41118	0.28653223934481403	0.5280071165063698	0.18546064414881627
41119	0.23900894888112076	0.5543479921676685	0.20664305895121082
41120	0.24106057991360286	0.5280199245907278	0.23091949549566929
41121	0.24099836449898412	0.4712565951271272	0.28774504037388865
41122	0.3490308985520609	0.439387664736014	0.21158143671192506
41123	0.25359628330963324	0.4028851525323134	0.34351856415805343
41124	0.2491642839471543	0.576626790333253	0.17420892571959248
41125	0.1581627187969145	0.5591346567973298	0.28270262440575583
41126	0.21511435201165255	0.5600426021999267	0.22484304578842068
41127	0.24550577936160534	0.5502846270438634	0.2042095935945313
41128	0.2428569009123712	0.5427952246749149	0.21434787441271383
41129	0.18325061316715235	0.6175035725346663	0.19924581429818142
41130	0.18459263229563586	0.5506346315534224	0.26477273615094177
41131	0.2760782042523942	0.5331250647511142	0.19079673099649155
41132	0.21596865644240498	0.5422417355466289	0.2417896080109662
41133	0.23805573830307583	0.571190811809082	0.19075344988784212
41134	0.2348424218741792	0.5009654716009427	0.26419210652487807
41135	0.2078546725593071	0.583211934072439	0.20893339336825373
41136	0.23747855172819993	0.5376820751008788	0.22483937317092123
41137	0.25326877763739714	0.5406953387609612	0.20603588360164168
41138	0.20853447740251949	0.5048143167086419	0.28665120588883863
41139	0.1912121563935829	0.49540425046359104	0.313383593142826
41140	0.30554655729583036	0.5076739107626322	0.18677953194153743
41141	0.1964522273309725	0.47724668502935896	0.3263010876396684
41142	0.22464263841502452	0.5863497256661258	0.18900763591884964
41143	0.20319014126552165	0.5796385908001133	0.2171712679343652
41144	0.2690078701572139	0.5703551611844515	0.1606369686583346
41145	0.18536073710044468	0.4984860757396212	0.31615318715993407
41146	0.24113110412404248	0.5710286883599212	0.18784020751603644
41147	0.24169722394741394	0.5310362794680761	0.22726649658450995
41148	0.2728209447157336	0.5262091095070427	0.2009699457772237
41149	0.2050490237511612	0.5803093853259095	0.2146415909229292
41150	0.31714170444988216	0.4711616055509963	0.21169668999912164
41151	0.19313466987753874	0.5666563498616272	0.2402089802608342
41152	0.1945154040670769	0.48098344690575884	0.3245011490271642
41153	0.22453495243789284	0.4828911414512098	0.29257390611089734
41154	0.2889825280335469	0.5315477026372981	0.17946976932915498
41155	0.2529062275486072	0.5242885458454091	0.22280522660598379
41156	0.16075970727732186	0.45694180683682345	0.38229848588585463
41157	0.21764339421234047	0.5954900958350547	0.18686650995260487
41158	0.2132619431305418	0.5986434139956969	0.18809464287376124
41159	0.2442458855911485	0.5302591648520639	0.22549494955678756
41160	0.2526542402362378	0.48559181888222736	0.2617539408815348
41161	0.18181444670438426	0.6228567247887209	0.19532882850689495
41162	0.26263129057848544	0.5263772366152017	0.2109914728063129
41163	0.1983117899967764	0.6065694376535428	0.1951187723496808
41164	0.2201015575894967	0.601020378551518	0.17887806385898544
41165	0.2416016298168365	0.5148201355891279	0.2435782345940356
41166	0.28051316629886625	0.4987198776200153	0.2207669560811184
41167	0.30182794209940284	0.49489057285851207	0.20328148504208515
41168	0.3604625826083304	0.46711192164029863	0.17242549575137095
41169	0.3552476655577531	0.4601129823712612	0.18463935207098572
41170	0.2783561471757337	0.5380254974037748	0.18361835542049154
41171	0.25821673248993854	0.49523877042277015	0.24654449708729134
41172	0.1950771835158574	0.5652461243320459	0.23967669215209672
41173	0.21372670635210755	0.5603906595681218	0.22588263407977066
41174	0.22071562008809603	0.5454735819377257	0.23381079797417828
41175	0.2749694058897965	0.5155701120789838	0.20946048203121964
41176	0.215824251049124	0.5718952696094636	0.21228047934141245
41177	0.22163534442747357	0.4845161404864984	0.293848515086028
41178	0.37246670573829604	0.4131655371533241	0.21436775710837985
41179	0.2691147348804636	0.4411134308677544	0.28977183425178193
41180	0.24794068327095706	0.5642598143884469	0.1877995023405961
41181	0.21514122517669032	0.552086582448936	0.23277219237437358
41182	0.23946943359006168	0.5441179480392618	0.21641261837067657
41183	0.27997439121308926	0.41900774419567394	0.3010178645912368
41184	0.2508792645943647	0.5130499232293971	0.23607081217623807
41185	0.330346938606933	0.4946467386844249	0.17500632270864214
41186	0.28571065036731996	0.5264418336450964	0.1878475159875836
41187	0.19480992929823726	0.4517680539931239	0.3534220167086389
41188	0.22341071247629674	0.6010334822830815	0.1755558052406217
41189	0.2589320442210799	0.4371227458440983	0.3039452099348218
41190	0.217103291269326	0.5868650456809423	0.19603166304973163
41191	0.22400117067892672	0.5401618102477181	0.23583701907335514
41192	0.2943197735927448	0.4916772298194312	0.2140029965878241
41193	0.22043822392261836	0.6178758134376237	0.16168596263975793
41194	0.2561868871173711	0.5471352524432301	0.1966778604393987
41195	0.22020779103084573	0.556702522134062	0.2230896868350923
41196	0.22703001369599418	0.5035457126125755	0.26942427369143035
41197	0.19479338274926183	0.5291469275161245	0.27605968973461364
41198	0.19302423543541833	0.4938290039631982	0.3131467606013834
41199	0.16484802494265233	0.5564387657674819	0.2787132092898658
41200	0.13127184346988807	0.5241678565143836	0.3445603000157283
41201	0.1393508686553165	0.5303416548257235	0.33030747651895986
41202	0.18202625386621837	0.4610413825155291	0.3569323636182525
41203	0.2069570171584096	0.4967849842768653	0.2962579985647252
41204	0.3122897250025393	0.5109083790676555	0.1768018959298051
41205	0.2251913525869935	0.5296367382554775	0.24517190915752898
41206	0.25702603403824387	0.4576405199093086	0.2853334460524476
41207	0.25077587803310075	0.5590449061356724	0.19017921583122682
41208	0.25329924001602305	0.4838434596048582	0.26285730037911875
41209	0.2440870552931239	0.492542439047657	0.2633705056592191
41210	0.2582214753023212	0.4292253334770495	0.31255319122062936
41211	0.20756868730747066	0.46703729073518785	0.3253940219573416
41212	0.21084532120135216	0.5546168711731759	0.23453780762547202
41213	0.18223965300818853	0.5595339517375918	0.2582263952542196
41214	0.2019603473421546	0.5544745729958479	0.24356507966199756
41215	0.23603583215039434	0.5236699212589145	0.24029424659069104
41216	0.32831370648967245	0.4651368507572414	0.2065494427530861
41217	0.22416943046626692	0.5669845453877423	0.2088460241459907
41218	0.20009755002037122	0.5086580010093749	0.29124444897025387
41219	0.21603963855187366	0.49188878251708135	0.2920715789310451
41220	0.23529229742611682	0.54156576357966	0.22314193899422322
41221	0.27768481508769316	0.5077125480342057	0.21460263687810113
41222	0.3147117287469937	0.48439497548526084	0.20089329576774537
41223	0.31100408163024074	0.4924577556543153	0.19653816271544386
41224	0.20413727038082902	0.4969096030205429	0.2989531265986281
41225	0.18013124950962678	0.505797375260584	0.3140713752297893
41226	0.2535167725108801	0.5073694041022483	0.2391138233868716
41227	0.19850450286476698	0.5918558921671253	0.2096396049681076
41228	0.2863980233013208	0.5155144694135957	0.19808750728508354
41229	0.22362022504082868	0.5779723472648757	0.19840742769429554
41230	0.39323846543157365	0.4402651996626724	0.16649633490575386
41231	0.29713112165499256	0.4919079067797752	0.21096097156523225
41232	0.14735334883911236	0.4283982709345444	0.4242483802263433
41233	0.20788847517737602	0.5213386838496806	0.27077284097294335
41234	0.24519158869428023	0.540437398387541	0.21437101291817878
41235	0.2796040288468715	0.5389503332703317	0.18144563788279677
41236	0.26916544332726533	0.5595791033445824	0.1712554533281524
41237	0.27211843830228305	0.46494351356732727	0.2629380481303898
41238	0.2719710003101582	0.5463929252241685	0.18163607446567331
41239	0.22116089370804864	0.5073807363458884	0.27145836994606287
41240	0.3357555262009289	0.4621530629145534	0.20209141088451774
41241	0.28429145374248077	0.489696121016374	0.22601242524114515
41242	0.3369351817469091	0.4676313992700152	0.19543341898307562
41243	0.3221143863122022	0.48846821626996473	0.18941739741783312
41244	0.2670885690887956	0.5593628288170035	0.17354860209420078
41245	0.29565956208269306	0.45381981017881656	0.25052062773849026
41246	0.2487118931268808	0.5411276033642818	0.2101605035088375
41247	0.2265126031566961	0.5343453232933137	0.2391420735499901
41248	0.24664629770656935	0.5565068609905112	0.1968468413029195
41249	0.20895657063851422	0.5569028264637804	0.23414060289770536
41250	0.22331521720964143	0.5273036414899122	0.24938114130044647
41251	0.2580910774012915	0.45554804870919324	0.28636087388951537
41252	0.22662440848681625	0.568288828579568	0.20508676293361575
41253	0.22662440848681625	0.568288828579568	0.20508676293361575
41254	0.24362589923112693	0.5486627881883013	0.20771131258057174
41255	0.27853382648836206	0.5103430112249681	0.2111231622866699
41256	0.18349668639907726	0.5296268202827373	0.28687649331818543
41257	0.1829851902634481	0.5378981730168152	0.27911663671973674
41258	0.2374764435770534	0.500458739305226	0.26206481711772067
41259	0.19268798214665164	0.4676624888374603	0.3396495290158881
41260	0.2166533411811957	0.5110526622131155	0.27229399660568876
41261	0.23742950236585555	0.5036738930217365	0.25889660461240804
41262	0.25676857833413747	0.5436947979511599	0.1995366237147027
41263	0.2822446894798877	0.5303619735273307	0.18739333699278163
41264	0.16941138861852809	0.5531859682386614	0.27740264314281055
41265	0.1887292772197826	0.5485497392474683	0.2627209835327491
41266	0.24106648573283412	0.5646750348837493	0.19425847938341664
41267	0.2974575261257933	0.38867168210072706	0.3138707917734797
41268	0.25051055757517193	0.5322383106500118	0.21725113177481623
41269	0.2588644201073624	0.5285534364960608	0.2125821433965768
41270	0.2226690092072113	0.5196043778457766	0.25772661294701216
41271	0.21367305122683866	0.420841409740986	0.3654855390321753
41272	0.21018289973868434	0.5364634678305904	0.2533536324307253
41273	0.24077026601112422	0.543946445272928	0.21528328871594776
41274	0.22716671430271118	0.6009999918968858	0.17183329380040296
41275	0.2046956578799586	0.5341416805555471	0.26116266156449425
41276	0.24921521092106222	0.520300980131482	0.23048380894745574
41277	0.26809147710847175	0.5325296136511978	0.1993789092403305
41278	0.2317160587811528	0.48240821761190417	0.285875723606943
41279	0.19675130658807377	0.4413828379367054	0.3618658554752208
41280	0.25441287893680503	0.5387134539706276	0.2068736670925674
41281	0.22559707402728743	0.5049645460713151	0.2694383799013974
41282	0.23294090799901404	0.5507321147768207	0.2163269772241652
41283	0.2587123128879745	0.5245265551753545	0.21676113193667096
41284	0.22802076263614313	0.5119998992841518	0.2599793380797051
41285	0.21821282140495257	0.5261522621204698	0.2556349164745776
41286	0.2085707498202281	0.5715704341456956	0.21985881603407625
41287	0.22599632994236848	0.4969320166529576	0.277071653404674
41288	0.22107627395196497	0.5306308390572821	0.24829288699075291
41289	0.2507348437541062	0.48858308469471906	0.26068207155117473
41290	0.2746749225107345	0.5052583884521424	0.22006668903712312
41291	0.19235512422446335	0.46996411206230676	0.3376807637132299
41292	0.24922324555711117	0.5264474793757216	0.22432927506716724
41293	0.23069182400016514	0.5538508113405478	0.21545736465928705
41294	0.23069182400016514	0.5538508113405478	0.21545736465928705
41295	0.23840882833211505	0.5406724938057998	0.2209186778620852
41296	0.255579392150279	0.48757327495887903	0.256847332890842
41297	0.2764991216068688	0.4996795476775508	0.22382133071558044
41298	0.2764991216068688	0.4996795476775508	0.22382133071558044
41299	0.2188684687521902	0.5871735124221966	0.19395801882561312
41300	0.20962987514308856	0.4927940969743184	0.297576027882593
41301	0.2153738239489723	0.5174978519462166	0.26712832410481113
41302	0.3400003473493412	0.4575580916186019	0.2024415610320568
41303	0.32109724698959663	0.4560763109965744	0.22282644201382895
41304	0.21666307832943482	0.5614192886025536	0.22191763306801146
41305	0.20780948134416122	0.5295443979900181	0.26264612066582077
41306	0.2147999510157877	0.5088353141911711	0.2763647347930412
41307	0.22730778671021648	0.5543594693879406	0.21833274390184298
41308	0.23790363825748004	0.5835264604296766	0.17856990131284334
41309	0.20689549091705825	0.5772258594466391	0.21587864963630274
41310	0.21918303986947546	0.595616356290911	0.18520060383961368
41311	0.20508232304530227	0.5233198715161672	0.2715978054385305
41312	0.18669252482885612	0.5730852445228221	0.24022223064832182
41313	0.25449804342353227	0.49798546775815816	0.24751648881830948
41314	0.20118143642571543	0.5040777381174715	0.2947408254568131
41315	0.19690017504193263	0.5207288305951056	0.2823709943629618
41316	0.2837114162445347	0.5048608122282221	0.21142777152724307
41317	0.2989232387470052	0.5165152956172142	0.18456146563578063
41318	0.2435052144161944	0.4598536778405698	0.29664110774323577
41319	0.27997079079100506	0.46536760227344687	0.25466160693554807
41320	0.20632715689788628	0.4630457782882025	0.33062706481391124
41321	0.263013399079083	0.5172878739319586	0.21969872698895834
41322	0.30225116256411155	0.4799423470969436	0.21780649033894484
41323	0.20460344454006826	0.5279655136459604	0.2674310418139713
41324	0.17508065495377512	0.49022140535594344	0.3346979396902814
41325	0.19159046953184777	0.6123916466469164	0.19601788382123572
41326	0.23078371911775752	0.47523924441791576	0.29397703646432666
41327	0.28056155110601716	0.489251811701426	0.23018663719255678
41328	0.3601723383352873	0.47895128451776725	0.16087637714694547
41329	0.28320946181276624	0.46665367341012465	0.250136864777109
41330	0.1757424436351773	0.5322963768162088	0.29196117954861384
41331	0.22004719128608605	0.5134513358188514	0.26650147289506254
41332	0.22266189820993568	0.5277027487191281	0.24963535307093615
41333	0.2522877440710752	0.5245652530763177	0.22314700285260705
41334	0.20808912184349915	0.5428693339907931	0.24904154416570773
41335	0.27507900578129996	0.5115770673916316	0.21334392682706843
41336	0.13523360771495654	0.403935874221867	0.46083051806317643
41337	0.34452913794944845	0.49705548287244405	0.1584153791781075
41338	0.37930003233616516	0.4078085257946731	0.21289144186916173
41339	0.19001993950476925	0.5548471688174531	0.2551328916777776
41340	0.24564525657765493	0.5137360736492333	0.24061866977311172
41341	0.2563080162527006	0.506140939429002	0.23755104431829746
41342	0.21707191039169071	0.5439200120654405	0.2390080775428688
41343	0.3066250955247998	0.5161014373080346	0.17727346716716566
41344	0.20335262160393397	0.48064779744833547	0.31599958094773056
41345	0.1713437673924213	0.6176948291010292	0.21096140350654963
41346	0.2611774505749096	0.5230744987813463	0.21574805064374405
41347	0.222641349587278	0.5462871847216755	0.23107146569104658
41348	0.40246382182600526	0.4257546906909407	0.17178148748305405
41349	0.22987144855069827	0.5971025704292333	0.1730259810200683
41350	0.19269822208233012	0.4908729028098586	0.31642887510781126
41351	0.21727930291963815	0.5109544105124884	0.27176628656787344
41352	0.26679122701444075	0.5190947410170895	0.21411403196846965
41353	0.24134470595575508	0.561184483280602	0.19747081076364284
41354	0.18380275923974157	0.5291383471035623	0.2870588936566961
41355	0.2636159140955521	0.5110210806451899	0.22536300525925798
41356	0.23552942514778522	0.4233619556905178	0.34110861916169705
41357	0.28092054072430406	0.49348851238334873	0.22559094689234716
41358	0.19327652049608662	0.4715493683427778	0.3351741111611356
41359	0.23721511100718368	0.5739670978736607	0.18881779111915548
41360	0.23470034742752802	0.5815281593236292	0.1837714932488427
41361	0.14823958233178766	0.27961854441472755	0.5721418732534848
41362	0.3087640095741087	0.4868862260005585	0.2043497644253327
41363	0.16866862665136972	0.4074284502130644	0.42390292313556593
41364	0.3231238190772901	0.4748800601480275	0.2019961207746823
41365	0.2554081760499587	0.49154520555390396	0.25304661839613735
41366	0.20392872990878927	0.598931595906129	0.19713967418508171
41367	0.2249995752477887	0.5906391757332682	0.18436124901894305
41368	0.24719934514168082	0.5810110817359508	0.1717895731223684
41369	0.15782533715734817	0.5410860699282363	0.30108859291441553
41370	0.2543697542001546	0.5440835703450965	0.20154667545474889
41371	0.18344401804361715	0.5817030109160457	0.23485297104033712
41372	0.22419631146009672	0.5531264684330226	0.22267722010688076
41373	0.19901546497397546	0.5354603047464023	0.2655242302796222
41374	0.24140818699646868	0.5246717417045275	0.23392007129900386
41375	0.26093711164193495	0.5111324009788552	0.22793048737920996
41376	0.25877410106779986	0.5182111101023184	0.2230147888298818
41377	0.2835370690271275	0.5258692072688647	0.19059372370400784
41378	0.282718775869755	0.5110354321288606	0.20624579200138438
41379	0.2080739816245975	0.5606703441701162	0.23125567420528637
41380	0.25834610711029843	0.5099043563217732	0.23174953656792827
41381	0.2714191059287226	0.5231651861076319	0.20541570796364547
41382	0.22525403110554518	0.5133025758868033	0.26144339300765146
41383	0.19593730896084421	0.5417855920625537	0.2622770989766021
41384	0.22632323865844778	0.49267183098750067	0.28100493035405155
41385	0.3236747784233652	0.5043095813654196	0.1720156402112153
41386	0.23513319293343332	0.481573106867132	0.2832937001994347
41387	0.24382391707824674	0.49221832084427924	0.2639577620774741
41388	0.22897586893313523	0.5555194626016035	0.2155046684652613
41389	0.24302227222930042	0.559266795663528	0.1977109321071716
41390	0.1918639088881613	0.49772406171832606	0.31041202939351265
41391	0.25632516648630316	0.5493594467843019	0.1943153867293949
41392	0.23812201883540118	0.5397047840202265	0.22217319714437225
41393	0.3066047789612351	0.512225435206184	0.18116978583258084
41394	0.29236883068300035	0.49938042643347436	0.20825074288352527
41395	0.2000789379123241	0.4863017535280578	0.3136193085596181
41396	0.23629215861439326	0.5554598492731417	0.208247992112465
41397	0.21007160750912698	0.5799534374366758	0.20997495505419728
41398	0.24275209354478672	0.5675434515644886	0.18970445489072466
41399	0.27168939277213927	0.5486799806686088	0.17963062655925188
41400	0.22718965487786516	0.5207615653691323	0.2520487797530026
41401	0.21941329230034623	0.5302995169594247	0.2502871907402292
41402	0.20625099653059495	0.5784235886288357	0.21532541484056938
41403	0.24617978456251952	0.5300295623417429	0.22379065309573748
41404	0.25416313033321736	0.5454019210363196	0.20043494863046307
41405	0.2632676558849991	0.4911985163785833	0.24553382773641763
41406	0.17888518181741164	0.4926008094384294	0.3285140087441589
41407	0.20322569607364835	0.432009100353302	0.36476520357304965
41408	0.20117051646085243	0.5437407227798788	0.2550887607592686
41409	0.25226051401051325	0.5567050758388264	0.19103441015066028
41410	0.2187365465854559	0.5383620529733528	0.24290140044119124
41411	0.25070002709075884	0.5370152668484498	0.2122847060607914
41412	0.20335695115129682	0.47046693086653774	0.3261761179821654
41413	0.28082141406657135	0.5370644683010861	0.18211411763234253
41414	0.21481301396121363	0.5469236159945806	0.23826337004420584
41415	0.2798655874238853	0.5544057662046017	0.16572864637151305
41416	0.2417693061643052	0.5338814821838878	0.22434921165180713
41417	0.2520857898732757	0.5212681580508092	0.22664605207591518
41418	0.32090752238712206	0.48291564246491037	0.19617683514796752
41419	0.2600964269464316	0.5354095144236553	0.20449405862991318
41420	0.22567428108482798	0.5300058511137847	0.24431986780138726
41421	0.21984926366217533	0.5756506320452497	0.20450010429257492
41422	0.31000677860313525	0.3959352977775825	0.29405792361928224
41423	0.3686362355250182	0.4185147119509905	0.21284905252399136
41424	0.21663206902521365	0.5877394910249748	0.19562843994981158
41425	0.20996891905439047	0.6107385622588672	0.1792925186867422
41426	0.29062384404318004	0.48947706144723413	0.21989909450958592
41427	0.20195947261760272	0.517652520087678	0.28038800729471924
41428	0.22679355461671416	0.5423162462157808	0.23089019916750514
41429	0.21695768614420047	0.5332077017786653	0.24983461207713425
41430	0.1944987817687382	0.6231347776776324	0.18236644055362938
41431	0.1951707703191736	0.598163821064826	0.20666540861600047
41432	0.28274615727113	0.4975349179096407	0.21971892481922922
41433	0.2530189466227972	0.4003214229416448	0.3466596304355579
41434	0.2897977928674991	0.5061111020375493	0.20409110509495165
41435	0.2962214034597923	0.5292087178162903	0.1745698787239174
41436	0.21815896405609286	0.5062863954433096	0.27555464050059747
41437	0.2447292257314734	0.49613242485908937	0.25913834940943725
41438	0.26218531855512006	0.5335707544051458	0.20424392703973415
41439	0.2898797925866206	0.4914190177439552	0.21870118966942423
41440	0.3702122532054589	0.43829568637429295	0.1914920604202481
41441	0.26068528290372683	0.5382655877327532	0.20104912936351982
41442	0.20816821814541714	0.48711320773176325	0.3047185741228197
41443	0.340750797444102	0.4825252155385465	0.1767239870173515
41444	0.20102635554659667	0.5233423291864402	0.27563131526696305
41445	0.24183998022517855	0.5383895172792704	0.21977050249555094
41446	0.36699437393186685	0.4255964860290253	0.20740914003910793
41447	0.20432412376711115	0.5646374510221497	0.23103842521073917
41448	0.24149281191987915	0.5559120937892109	0.20259509429091
41449	0.20803996872085434	0.5336726548438125	0.258287376435333
41450	0.23867400417110787	0.5819667420860851	0.1793592537428069
41451	0.2787030433646493	0.5219257842048126	0.19937117243053817
41452	0.1759799012599244	0.484922692443559	0.3390974062965166
41453	0.2556044353075336	0.4829362363090591	0.2614593283834074
41454	0.2651088863320531	0.5377035447130522	0.1971875689548948
41455	0.25221287193365405	0.5162694537136836	0.2315176743526624
41456	0.2772301155495319	0.5519446981982014	0.17082518625226673
41457	0.2379136108540364	0.5366672443743875	0.22541914477157612
41458	0.19820795316582193	0.4693815884782155	0.3324104583559626
41459	0.27481389539219814	0.5425717041736912	0.18261440043411076
41460	0.3206736370840089	0.5194073414533339	0.1599190214626571
41461	0.3696110669144402	0.45757977448245485	0.17280915860310497
41462	0.22104908788466765	0.5581604269767313	0.22079048513860103
41463	0.22296333063284454	0.5303445889512687	0.24669208041588672
41464	0.2836636864978641	0.534997397816715	0.1813389156854209
41465	0.23770981864169352	0.5519875027321429	0.21030267862616356
41466	0.29342612310938965	0.48595537328071675	0.22061850360989368
41467	0.26739558503861144	0.5305934853469567	0.20201092961443187
41468	0.27740975152270125	0.52178251692719	0.2008077315501087
41469	0.22947606125019496	0.5718666984986421	0.19865724025116288
41470	0.23812201883540118	0.5397047840202265	0.22217319714437225
41471	0.3352984406368234	0.4880777233632306	0.17662383599994605
41472	0.25399698705694995	0.5117500081100298	0.23425300483302025
41473	0.2530607445374944	0.5410674195670896	0.20587183589541602
41474	0.21370544201477354	0.5530732745388685	0.233221283446358
41475	0.2044418850928375	0.5795107273403168	0.21604738756684572
41476	0.2658634427080993	0.5703464419347039	0.16379011535719687
41477	0.1805945001785415	0.6336255311155246	0.18577996870593397
41478	0.266636168378492	0.4705780935729234	0.2627857380485847
41479	0.26150389611166425	0.5335219501840639	0.20497415370427186
41480	0.22340267847337536	0.5875780933443735	0.18901922818225111
41481	0.300011725665469	0.4979464882240056	0.20204178611052537
