10941	0.14132614867134113	0.6755361683877795	0.1831376829408794
10942	0.3860975789828917	0.4988127425979302	0.11508967841917798
10943	0.10841521378927588	0.45404471119342305	0.4375400750173011
10944	0.14591644307483362	0.6889056500851292	0.1651779068400372
10945	0.19251641198816588	0.6562742701963793	0.15120931781545482
10946	0.18078618170086128	0.6711685495432075	0.1480452687559312
10947	0.21601166755721884	0.6322241607831015	0.15176417165967956
10948	0.1554074022931686	0.612570723859416	0.23202187384741527
10949	0.16751540407292528	0.6715714560047386	0.16091313992233608
10950	0.14305836779225561	0.7012123796853056	0.15572925252243883
10951	0.23243973013359817	0.598490965236077	0.1690693046303249
10952	0.15488985254278112	0.6488928724602979	0.19621727499692104
10953	0.20016627909801699	0.6251350674947813	0.17469865340720175
10954	0.1521624194904086	0.632316027809978	0.21552155269961348
10955	0.1800183499965457	0.6555566502202251	0.16442499978322916
10956	0.2972265285414664	0.6087679000903883	0.09400557136814539
10957	0.12889844206242773	0.6223587101376428	0.24874284779992956
10958	0.15857775829095377	0.6979608797716995	0.1434613619373468
10959	0.2834626321499352	0.6009197805554768	0.11561758729458806
10960	0.14311070345783025	0.720251107249171	0.13663818929299873
10961	0.1588650666535143	0.6000865838344054	0.24104834951208035
10962	0.18743083936000604	0.6226080590097455	0.18996110163024832
10963	0.1532216515902302	0.6979978807949719	0.14878046761479793
10964	0.14779003698289825	0.6934910216576156	0.15871894135948622
10965	0.18740991007289814	0.7063144127743675	0.10627567715273434
10966	0.1351155233700014	0.7171432228240462	0.14774125380595235
10967	0.1486712088420639	0.7135365857611026	0.13779220539683346
10968	0.1304567929880489	0.709743361890256	0.159799845121695
10969	0.14693716766192672	0.7036444526054889	0.1494183797325844
10970	0.1462924524425813	0.7038339060902971	0.14987364146712162
10971	0.1888852009492088	0.6028627888382643	0.2082520102125269
10972	0.12829799122979774	0.6807573436260406	0.1909446651441617
10973	0.14086932260174545	0.6856651461847952	0.1734655312134593
10974	0.13996670622655988	0.6852196608159777	0.17481363295746236
10975	0.16644712030674083	0.6412615389720104	0.19229134072124868
10976	0.1347325307381317	0.5803744391800318	0.28489303008183636
10977	0.20706612010792882	0.6873723950676714	0.10556148482439971
10978	0.16125180065721986	0.6661938206736916	0.17255437866908857
10979	0.13271397066115972	0.5411715394212105	0.3261144899176298
10980	0.12263495902069785	0.5580632932026042	0.31930174777669806
10981	0.1442370743425321	0.5856307919605321	0.27013213369693584
10982	0.165519846351225	0.6888404471232492	0.14563970652552585
10983	0.16583337993342828	0.6953661939957173	0.1388004260708544
10984	0.13410433275395242	0.7368213804740172	0.12907428677203034
10985	0.15797638437488923	0.5610007899701341	0.28102282565497677
10986	0.15423823887093524	0.5508531671620477	0.2949085939670171
10987	0.18704757661755736	0.621074762857207	0.19187766052523572
10988	0.14413238795671557	0.7308102393525576	0.12505737269072673
10989	0.13595902280144173	0.6999970702248155	0.16404390697374274
10990	0.1829984515899957	0.6361596046433194	0.18084194376668491
10991	0.14524443354455535	0.7462511535545151	0.10850441290092962
10992	0.119490000772645	0.6343293571065806	0.2461806421207745
10993	0.13935053824861757	0.6395186275607525	0.22113083419062993
10994	0.16347563024923395	0.709266336286652	0.127258033464114
10995	0.1417392373314201	0.5892635075872902	0.26899725508128985
10996	0.3841506025202268	0.5019820375293236	0.1138673599504496
10997	0.37578028392870616	0.5009212991496139	0.12329841692167993
10998	0.1835606071900987	0.6203799554780761	0.19605943733182532
10999	0.1835606071900987	0.6203799554780761	0.19605943733182532
11000	0.24550010323984534	0.6543632672907469	0.10013662946940766
11001	0.20466470598836653	0.6896347143581416	0.10570057965349182
11002	0.15976973067473718	0.5864356247819017	0.2537946445433611
11003	0.14874075904639594	0.5207635115813835	0.33049572937222055
11004	0.1400260331243712	0.6403398191736608	0.21963414770196799
11005	0.1400260331243712	0.6403398191736608	0.21963414770196799
11006	0.1550655751625877	0.6975968538358623	0.14733757100154987
11007	0.14882798841280906	0.6921558742796766	0.15901613730751432
11008	0.1642563263573877	0.6595463254647833	0.17619734817782903
11009	0.19424657319211397	0.6468152071220988	0.1589382196857872
11010	0.15034848273654805	0.687872661125	0.16177885613845186
11011	0.198145841506988	0.6941720092140007	0.1076821492790113
11012	0.1827573766231988	0.6920395287293857	0.12520309464741558
11013	0.24203962174364096	0.653062373445064	0.10489800481129499
11014	0.16514510194763685	0.7258416989494761	0.1090131991028871
11015	0.1997156583827128	0.6700130271093179	0.13027131450796928
11016	0.16684853172863334	0.7058110160647949	0.12734045220657167
11017	0.17187706896165905	0.6775440122313086	0.15057891880703242
11018	0.14986840465797155	0.7322053370342326	0.1179262583077959
11019	0.1950752695761242	0.6794051424729595	0.1255195879509164
11020	0.15618717882756186	0.5680758065486075	0.2757370146238307
11021	0.1778163866942647	0.7210431109819111	0.10114050232382424
11022	0.17723713750076153	0.7172699196903229	0.10549294280891547
11023	0.1592671329274407	0.6627463428406022	0.177986524231957
11024	0.15284759289893013	0.6409636979008062	0.20618870920026366
11025	0.17444036950514644	0.7021197001689882	0.12343993032586545
11026	0.12749974362755923	0.4929230456709449	0.37957721070149586
11027	0.15117934526974255	0.5932673447891765	0.25555330994108094
11028	0.16437113286034255	0.6909750373852517	0.1446538297544057
11029	0.14955737777181788	0.7017715799482558	0.1486710422799263
11030	0.2273711274414422	0.6214295608742684	0.15119931168428935
11031	0.22497407472664827	0.6050853245284352	0.1699406007449166
11032	0.15772342196046266	0.7002495011277335	0.1420270769118038
11033	0.15509846469562732	0.6658542490977029	0.17904728620666976
11034	0.14780888363887165	0.6380116551496031	0.2141794612115251
11035	0.11709674952873075	0.6322741353748311	0.25062911509643815
11036	0.12481239066566444	0.626526735997414	0.2486608733369215
11037	0.12481239066566444	0.626526735997414	0.2486608733369215
11038	0.11709674952873075	0.6322741353748311	0.25062911509643815
11039	0.14592793217855585	0.5748806544666709	0.27919141335477327
11040	0.16501239967071607	0.5839041112964913	0.25108348903279254
11041	0.1428816427496795	0.6646671665058047	0.19245119074451586
11042	0.31154614881786524	0.5866214878065147	0.10183236337561993
11043	0.16437814592912936	0.6704459950857287	0.1651758589851419
11044	0.13397846292349003	0.5501146663950746	0.31590687068143547
11045	0.15418120311626082	0.7071164294463543	0.13870236743738476
11046	0.1518287439103491	0.6894698337309142	0.15870142235873672
11047	0.1561569324381646	0.701859586355044	0.14198348120679138
11048	0.17438637639860707	0.6723719488826089	0.15324167471878405
11049	0.16645928451632963	0.7122196638008049	0.12132105168286544
11050	0.18206777418726283	0.7219340330442084	0.09599819276852868
11051	0.15359144678439765	0.7282013004001876	0.11820725281541468
11052	0.22043777279038132	0.6525181914411358	0.1270440357684829
11053	0.14513709166040384	0.6093428982811308	0.24552001005846535
11054	0.16699285197190333	0.6778014528671167	0.15520569516097996
11055	0.18449042744935024	0.6664392200725211	0.14907035247812864
11056	0.18598497899511615	0.6710488528788016	0.14296616812608232
11057	0.16416570403837702	0.7189785987948047	0.11685569716681828
11058	0.1947912946524995	0.628360904558051	0.17684780078944942
11059	0.20300279225700582	0.6592841448190911	0.13771306292390303
11060	0.1575668285071941	0.6868161083500509	0.15561706314275497
11061	0.17049146302374873	0.679181865274278	0.1503266717019733
11062	0.17074902292909497	0.6648091612910851	0.16444181577981995
11063	0.18406000175609682	0.7036320211065206	0.11230797713738262
11064	0.2120499141218831	0.6369901641715976	0.15095992170651926
11065	0.17938457962317547	0.6871444013558871	0.13347101902093741
11066	0.22070500943350818	0.6837897520572433	0.0955052385092485
11067	0.19238872856433537	0.6156175413740408	0.1919937300616238
11068	0.14626764782724647	0.7264856270288443	0.12724672514390917
11069	0.15741170020975964	0.6919472376514283	0.15064106213881207
11070	0.17835648339328491	0.6544836317003941	0.16715988490632094
11071	0.12816203972984375	0.5476563805403396	0.3241815797298165
11072	0.2041146289351585	0.576912774783909	0.2189725962809325
11073	0.12159232993780678	0.6562155099688686	0.22219216009332476
11074	0.1405506609261718	0.7235073839713425	0.1359419551024857
11075	0.13043495433298638	0.6736070602901473	0.1959579853768664
11076	0.14992687872251406	0.6582619213544015	0.1918111999230844
11077	0.1755870707787818	0.7146188773343423	0.10979405188687595
11078	0.17896905390884632	0.6706649954772206	0.1503659506139331
11079	0.2011591542386903	0.6587352175156163	0.14010562824569342
11080	0.17719763263163243	0.6774371356128509	0.14536523175551663
11081	0.12732454588501546	0.5120916603080873	0.36058379380689737
11082	0.15549000480468003	0.7072502046870708	0.1372597905082492
11083	0.1662447812984709	0.6961935941713805	0.13756162453014853
11084	0.16598882961744774	0.6966357627527222	0.13737540762983003
11085	0.25731021590817343	0.5886262649296531	0.15406351916217345
11086	0.21067047716381787	0.6783684769499452	0.11096104588623697
11087	0.1858889354643173	0.6534828459289767	0.1606282186067061
11088	0.1327738510215046	0.4754162377237338	0.39180991125476156
11089	0.20346964423028768	0.6577612362592161	0.13876911951049625
11090	0.18591640800261236	0.6912297963098725	0.12285379568751524
11091	0.1717717678389017	0.6257683369488436	0.20245989521225466
11092	0.13712607134887014	0.6677663375942802	0.19510759105684972
11093	0.1942914676391438	0.6745091283811365	0.13119940397971971
11094	0.18083703925465064	0.5342387477894556	0.28492421295589376
11095	0.186511064144774	0.5378271388147301	0.2756617970404959
11096	0.141160414048149	0.6525926702524054	0.2062469156994455
11097	0.11792993467543383	0.6464634764397764	0.2356065888847896
11098	0.14060681636010813	0.6782211759148703	0.18117200772502154
11099	0.13652194180199564	0.7194337226234242	0.14404433557458024
11100	0.19147918237289982	0.6461596813220766	0.16236113630502366
11101	0.13556320798080793	0.7183934852911387	0.1460433067280534
11102	0.1959978223467801	0.6165080334850803	0.18749414416813964
11103	0.13638206667718034	0.6765539719572642	0.1870639613655554
11104	0.13559377726862956	0.660590010680076	0.20381621205129455
11105	0.1720202012113722	0.6005916133527117	0.22738818543591607
11106	0.1730977444328663	0.6394028304070724	0.1874994251600613
11107	0.12352302325173527	0.6751222602054716	0.20135471654279308
11108	0.15221939942830326	0.7285640516529713	0.1192165489187254
11109	0.14981776737620023	0.7176699518182112	0.13251228080558855
11110	0.1373770064689268	0.7154543870866795	0.14716860644439372
11111	0.19466748597795555	0.6745894783474092	0.13074303567463513
11112	0.16441241720963023	0.6924793667031799	0.14310821608718985
11113	0.218164160969168	0.6956551167372601	0.0861807222935719
11114	0.14750143171325464	0.7352258764009776	0.11727269188576785
11115	0.14832490469574872	0.7217195266379486	0.12995556866630276
11116	0.22480934476871425	0.61934722876609	0.15584342646519567
11117	0.254583638519096	0.5975402906163803	0.1478760708645238
11118	0.1083226273059675	0.5576405807349623	0.33403679195907016
11119	0.133141859416046	0.6077848488799799	0.25907329170397403
11120	0.19914503793024851	0.6631368577788247	0.13771810429092682
11121	0.21224523297332595	0.6747800772625228	0.11297468976415131
11122	0.2447769169194381	0.6210989088148945	0.1341241742656673
11123	0.1325260315354826	0.7115170492427132	0.15595691922180424
11124	0.15166954501309562	0.6316513542935027	0.21667910069340177
11125	0.1497052076278272	0.7225599040587656	0.12773488831340718
11126	0.1419750886548974	0.7235191835576994	0.13450572778740327
11127	0.11122315440265897	0.5635937909309842	0.32518305466635705
11128	0.17165431446461726	0.6049011397574557	0.22344454577792702
11129	0.1996153348128804	0.7002442561058102	0.10014040908130939
11130	0.15121431469038332	0.5918780470862606	0.2569076382233561
11131	0.15639711454224325	0.6090487057806787	0.23455417967707815
11132	0.1325158591926224	0.680420089245078	0.18706405156229963
11133	0.13817599962944407	0.6438978097205875	0.21792619064996835
11134	0.15217479529261205	0.6935073913024954	0.15431781340489253
11135	0.17750260443386193	0.6038407686102375	0.21865662695590057
11136	0.14159024636252407	0.5704091303748946	0.28800062326258136
11137	0.16184963265117208	0.6419404862597983	0.1962098810890297
11138	0.149952525856003	0.5509295681691999	0.299117905974797
11139	0.14577356938719802	0.6886895757343522	0.16553685487844982
11140	0.15879182989479512	0.6443814003614206	0.19682676974378435
11141	0.13730676368252537	0.6839523087902201	0.1787409275272546
11142	0.18595539864918362	0.6760174710264201	0.13802713032439629
11143	0.17869368589687132	0.654883068831539	0.1664232452715896
11144	0.12787880774355895	0.6436181467387444	0.22850304551769665
11145	0.16839946572846223	0.6428686812075691	0.18873185306396867
11146	0.17250087434178024	0.6313375574192002	0.19616156823901948
11147	0.16394066330847754	0.5381662249112185	0.297893111780304
11148	0.15012106852768078	0.5349444146726359	0.3149345167996833
11149	0.18427740647952692	0.6976387110952909	0.11808388242518215
11150	0.27686150689550343	0.5967657918119353	0.12637270129256137
11151	0.2597127617446094	0.5930655317790594	0.14722170647633112
11152	0.2087978774755709	0.6362221602415643	0.15497996228286465
11153	0.2031283093447312	0.582210040674336	0.21466164998093284
11154	0.18830955918773393	0.663441818294076	0.1482486225181901
11155	0.1836990538377713	0.5629386860593756	0.25336226010285323
11156	0.10657751266864583	0.5913294584147948	0.3020930289165594
11157	0.13484576359673223	0.7049426896129005	0.16021154679036725
11158	0.1630368788124997	0.5932643254976763	0.243698795689824
11159	0.1840066501762311	0.6106260263242557	0.2053673234995132
11160	0.13336479247963626	0.5740444501237731	0.29259075739659063
11161	0.12262496743769367	0.6763240159456623	0.201051016616644
11162	0.15391474840517272	0.7154137682972128	0.13067148329761452
11163	0.20116797482906204	0.6251761556754832	0.17365586949545467
11164	0.1847561563370132	0.6837109176815197	0.13153292598146704
11165	0.15678431248120672	0.6698189069388242	0.17339678057996907
11166	0.1512246013085884	0.5453158035131697	0.3034595951782419
11167	0.19243593016421254	0.6583584691298369	0.14920560070595051
11168	0.22707438398717736	0.664190619484288	0.10873499652853463
11169	0.11653702472138333	0.6927139504954252	0.19074902478319147
11170	0.15115597341967477	0.6310926423630786	0.21775138421724657
11171	0.17427364538178192	0.6685487182393114	0.15717763637890667
11172	0.1587413036942201	0.6783580256241782	0.16290067068160166
11173	0.19778104190598597	0.6797872652784073	0.12243169281560681
11174	0.12364247139279634	0.6791580785380286	0.19719945006917514
11175	0.13570952123864255	0.7344016196600285	0.12988885910132894
11176	0.16845115633177354	0.6535825117538807	0.17796633191434572
11177	0.25591799790434	0.6327111258549748	0.11137087624068519
11178	0.10998604783314345	0.6315417286318514	0.25847222353500504
11179	0.19134171877714223	0.6541928131828817	0.15446546803997602
11180	0.20016974762558198	0.661537599660368	0.13829265271405008
11181	0.17640503531639623	0.6159045412909451	0.2076904233926587
11182	0.13553010770796153	0.6673473337481125	0.1971225585439259
11183	0.09662007418220883	0.3942424636717378	0.5091374621460534
11184	0.13871191765913973	0.5413391840403987	0.3199488983004614
11185	0.1362169210326125	0.7044531141151229	0.1593299648522647
11186	0.1362169210326125	0.7044531141151229	0.1593299648522647
11187	0.20095987024991344	0.6575013271979964	0.14153880255209025
11188	0.20350335528402674	0.6550980605290152	0.14139858418695805
11189	0.2245089511507641	0.63511204622163	0.14037900262760591
11190	0.14690688737808844	0.7212051819758186	0.13188793064609294
11191	0.11880285864374474	0.5886666421734211	0.292530499182834
11192	0.16649548115093135	0.642744364140568	0.19076015470850063
11193	0.17998120887261082	0.5545299655551053	0.26548882557228404
11194	0.15094863136222827	0.7219693611762502	0.1270820074615215
11195	0.15208730462302603	0.6308090148268075	0.21710368055016654
11196	0.1331512051038875	0.6961170408663444	0.17073175402976806
11197	0.2177329812725239	0.5952432257803755	0.18702379294710056
11198	0.21428958826546235	0.6410763818294337	0.14463402990510396
11199	0.23433037600550277	0.6368482804862619	0.12882134350823546
11200	0.16027081847087268	0.666875200380607	0.17285398114852035
11201	0.1681852281677191	0.665539901387954	0.1662748704443268
11202	0.14381453054615956	0.744294290454067	0.11189117899977337
11203	0.13913838948035723	0.605504614822907	0.2553569956967359
11204	0.15269406302271255	0.615317463077901	0.23198847389938643
11205	0.18107208802826935	0.7071196566134708	0.11180825535825993
11206	0.18107208802826935	0.7071196566134708	0.11180825535825993
11207	0.20079352493029262	0.6320249675437793	0.16718150752592795
11208	0.15821476089077868	0.6513318492548591	0.1904533898543622
11209	0.16540072894626354	0.705423166871198	0.12917610418253847
11210	0.1641942740865959	0.704197320513235	0.13160840540016902
11211	0.12831147021355474	0.6704509153828928	0.20123761440355245
11212	0.12249447756998223	0.550831809034576	0.3266737133954417
11213	0.14192924656926878	0.7063826379652928	0.1516881154654384
11214	0.13192131509450444	0.5806143764440124	0.28746430846148324
11215	0.16267430204020203	0.6129584296680733	0.22436726829172468
11216	0.15820636058761237	0.7089826422690306	0.13281099714335706
11217	0.2022216339477913	0.6702547450410525	0.12752362101115614
11218	0.16884782231641213	0.6719441777584911	0.1592079999250968
11219	0.12651599228606975	0.7359999003886128	0.13748410732531743
11220	0.16583108983564374	0.67021356826827	0.16395534189608615
11221	0.13266875311009926	0.7326831538772591	0.13464809301264155
11222	0.20024427654210777	0.6707955668748592	0.12896015658303298
11223	0.17692821450336832	0.6738489479395263	0.1492228375571054
11224	0.13918552197933434	0.6374551275681545	0.22335935045251107
11225	0.27950714203340643	0.6033191742630276	0.11717368370356589
11226	0.2048872976804378	0.6794368818883194	0.11567582043124273
11227	0.13028208881491446	0.5851950639312683	0.28452284725381727
11228	0.1737518473491674	0.6802642719337572	0.1459838807170754
11229	0.12487224606429452	0.677977216238995	0.19715053769671062
11230	0.1953865535142416	0.6436767760662381	0.16093667041952042
11231	0.18308381072232177	0.6513904666762051	0.16552572260147305
11232	0.23314788622566657	0.627068258352035	0.13978385542229846
11233	0.16092730102436853	0.6876148726350266	0.15145782634060478
11234	0.19494582434515814	0.6576088001659784	0.1474453754888634
11235	0.21338064326082223	0.6477527900582796	0.13886656668089828
11236	0.1372466801896499	0.7321901602689018	0.13056315954144834
11237	0.15686191825522483	0.6962604831494963	0.14687759859527888
11238	0.1136339756102095	0.6382131419042025	0.24815288248558806
11239	0.13195975927307094	0.7192551554826967	0.14878508524423242
11240	0.11982580763923475	0.57093477085226	0.3092394215085054
11241	0.16542152552249983	0.5939040171385919	0.24067445733890833
11242	0.16542152552249983	0.5939040171385919	0.24067445733890833
11243	0.14835785194518375	0.539493901658662	0.3121482463961541
11244	0.1660033012039646	0.6679866046341152	0.16601009416192022
11245	0.14282152411223872	0.6872469212265676	0.16993155466119364
11246	0.16069198228320272	0.6759945264884845	0.16331349122831282
11247	0.17105558434359092	0.6438605056320458	0.18508391002436334
11248	0.11904674291928741	0.517081810679529	0.36387144640118374
11249	0.18504579834886967	0.6984859148177129	0.11646828683341744
11250	0.15452401578287717	0.5958948500176587	0.24958113419946415
11251	0.1424880775923093	0.7056350173031262	0.1518769051045645
11252	0.18338774549964634	0.7057817059497336	0.11083054855062005
11253	0.24142233951477957	0.6052304398324725	0.15334722065274803
11254	0.23277063354735408	0.6058836230143914	0.16134574343825453
11255	0.19297981795457914	0.682125167645725	0.12489501439969598
11256	0.3030059154418557	0.5914903850300015	0.10550369952814277
11257	0.1920950644986384	0.6121010303190568	0.19580390518230473
11258	0.19578099795469156	0.5833082542996634	0.22091074774564515
11259	0.17073742532503106	0.6980132784267611	0.13124929624820786
11260	0.20597619397909894	0.6739428784506544	0.12008092757024673
11261	0.2013042963377493	0.671930956052629	0.12676474760962164
11262	0.1342829340074235	0.6952782305124707	0.1704388354801057
11263	0.13412624138635354	0.6878260958194585	0.178047662794188
11264	0.16793860187440635	0.694180428530329	0.13788096959526464
11265	0.19857687383036324	0.6525171145552363	0.14890601161440045
11266	0.1256337770225144	0.7310093169049037	0.14335690607258192
11267	0.13061378393840292	0.5548227052193987	0.3145635108421983
11268	0.12841751296409534	0.5465362795957608	0.3250462074401438
11269	0.1585895646813983	0.7127353446591643	0.12867509065943744
11270	0.14822707038115268	0.6620757341833363	0.18969719543551108
11271	0.19075982797868163	0.6937036710114682	0.11553650100985009
11272	0.18994911607787038	0.6335744049842895	0.17647647893784005
11273	0.17632258132186637	0.6215723373960924	0.20210508128204124
11274	0.09934768502675863	0.5753468359257056	0.32530547904753565
11275	0.17427364538178192	0.6685487182393114	0.15717763637890667
11276	0.1722716409775234	0.6902501168117706	0.13747824221070604
11277	0.16014941511352337	0.7048247673388959	0.13502581754758078
11278	0.23003327605988796	0.6083749094204408	0.1615918145196712
11279	0.19481671013074542	0.639817454732807	0.16536583513644756
11280	0.32413605852591354	0.5545458103815292	0.12131813109255724
11281	0.20011219410389508	0.6820936989317101	0.1177941069643947
11282	0.12405755741480366	0.7299998176469503	0.14594262493824606
11283	0.14057327076303577	0.698348776380691	0.1610779528562731
11284	0.15770773454954345	0.6619295585584509	0.18036270689200562
11285	0.19793950268107136	0.671182021736197	0.13087847558273163
11286	0.23793522237739834	0.6380752131456708	0.12398956447693074
11287	0.15553703298852747	0.7019980252954772	0.14246494171599539
11288	0.160648094394104	0.7176311914252158	0.1217207141806801
11289	0.13940474519452548	0.6791710859550771	0.18142416885039742
11290	0.1665655450011718	0.6711976474116593	0.16223680758716888
11291	0.2864861096660217	0.5955343301280008	0.11797956020597729
11292	0.3001387504476243	0.5936756435187663	0.10618560603360923
11293	0.1816051351448479	0.689805192772507	0.12858967208264518
11294	0.15185820094815333	0.7205808551974902	0.12756094385435648
11295	0.13524491311685638	0.7305117551465519	0.13424333173659173
11296	0.14767825396747356	0.5697736423571758	0.2825481036753507
11297	0.14696632056311584	0.5685733344204648	0.2844603450164192
11298	0.1467054406983051	0.6344002110310858	0.218894348270609
11299	0.1477405363337357	0.63065983389538	0.22159962977088424
11300	0.15272241039703785	0.7024910871853208	0.1447865024176413
11301	0.09521665792729986	0.4917708829654778	0.4130124591072223
11302	0.18085591138298515	0.6308166286716913	0.1883274599453235
11303	0.14667148235772196	0.717668622627422	0.13565989501485592
11304	0.12204580300130637	0.7274602935362069	0.15049390346248673
11305	0.13434976790434047	0.7320161711373033	0.13363406095835617
11306	0.14088761024680202	0.6686499735682933	0.1904624161849047
11307	0.2812517778349117	0.5863641958109377	0.13238402635415064
11308	0.15076949688433308	0.7081349069529856	0.14109559616268125
11309	0.16291675947770742	0.6883610165420023	0.14872222398029028
11310	0.14977233594724543	0.6927375149955307	0.1574901490572239
11311	0.16942244491757733	0.7079008013822833	0.12267675370013939
11312	0.16329451416609206	0.7200007331589505	0.11670475267495739
11313	0.18188967280233867	0.6732835910713182	0.1448267361263432
11314	0.13873793971386714	0.7360620714262895	0.12519998885984318
11315	0.16141355952173575	0.7073259507855538	0.1312604896927104
11316	0.21272692473472682	0.6716472020709139	0.11562587319435924
11317	0.14924928723337547	0.7223647478142501	0.12838596495237453
11318	0.26973431119769137	0.5450654543324365	0.18520023446987205
11319	0.25259614800376357	0.5433087276264795	0.20409512436975688
11320	0.13712102375349128	0.683986818163619	0.17889215808288977
11321	0.13740988111257643	0.6855577398448917	0.17703237904253188
11322	0.2349457952550577	0.5602301413069235	0.20482406343801876
11323	0.23945274798384264	0.5597079745515467	0.20083927746461055
11324	0.15067346797309109	0.7310892101986577	0.11823732182825121
11325	0.22164734855183196	0.6609962063423742	0.11735644510579388
11326	0.1767359293913666	0.6880246685340782	0.13523940207455518
11327	0.12908167538133217	0.673521461048452	0.19739686357021585
11328	0.15025824041476368	0.7320693120900535	0.1176724474951827
11329	0.11294713733438018	0.5083632761723006	0.37868958649331924
11330	0.14559474314987841	0.6635481324073195	0.19085712444280212
11331	0.15115685839326512	0.693117799864327	0.15572534174240785
11332	0.1699803686538187	0.6796365620924077	0.15038306925377345
11333	0.1528459105227823	0.7152784118690722	0.13187567760814553
11334	0.14873704012165676	0.7290435604205332	0.12221939945781002
11335	0.12108117980236162	0.5411461181140859	0.3377727020835526
11336	0.16878588314014217	0.6712696704691421	0.1599444463907157
11337	0.15951322396510972	0.7400429033827036	0.1004438726521867
11338	0.18206765657771784	0.6872874924395751	0.1306448509827071
11339	0.22417426400875198	0.636737107348412	0.13908862864283608
11340	0.21852971913517216	0.6767327266124915	0.1047375542523363
11341	0.17058735226816857	0.7034757516283734	0.12593689610345804
11342	0.175935350463143	0.6510215340913434	0.17304311544551357
11343	0.175935350463143	0.6510215340913434	0.17304311544551357
11344	0.12436966167064352	0.56202223758896	0.3136081007403964
11345	0.13500614879327313	0.5095487944331352	0.35544505677359184
11346	0.2632111652642329	0.6047567404567592	0.13203209427900803
11347	0.25679387469483717	0.6058944670664068	0.137311658238756
11348	0.24105264797394346	0.6118197233384347	0.14712762868762164
11349	0.1675970826780799	0.6636327909920808	0.16877012632983926
11350	0.16702331797001788	0.7120730732793116	0.12090360875067069
11351	0.12294050245033497	0.6833006506174509	0.19375884693221412
11352	0.12565246178275247	0.6099598495527108	0.2643876886645367
11353	0.15920639940723139	0.6237442035028146	0.21704939708995405
11354	0.17179581906487884	0.6479490613813239	0.18025511955379725
11355	0.1935005899479293	0.5852218741922521	0.2212775358598186
11356	0.19278931003071964	0.5889740693698011	0.21823662059947924
11357	0.2719963357829537	0.5981570792457931	0.1298465849712532
11358	0.09364110641236681	0.5295767166450738	0.3767821769425595
11359	0.2192150262207485	0.6379863372313069	0.14279863654794467
11360	0.1274139001402743	0.6338924932412451	0.23869360661848069
11361	0.3607320744898643	0.5399380925261402	0.09932983298399552
11362	0.15976132202519147	0.7490950685202438	0.09114360945456478
11363	0.160389881917414	0.6295779923501786	0.2100321257324073
11364	0.10065390123205227	0.5222086401592646	0.37713745860868314
11365	0.20623848595448327	0.6645168498558615	0.12924466418965522
11366	0.16313287444799168	0.6839347619015259	0.1529323636504824
11367	0.2051866279694113	0.6575300219986352	0.13728335003195347
11368	0.1270228380644784	0.6410001240261557	0.231977037909366
11369	0.14121541183462885	0.6696793479205921	0.18910524024477898
11370	0.38447047499918374	0.5042661067890571	0.11126341821175917
11371	0.13530590585555674	0.7114487773285579	0.15324531681588532
11372	0.1712935225421319	0.6990152242365713	0.12969125322129696
11373	0.15644332287523502	0.6397957174650156	0.20376095965974939
11374	0.10642115533409509	0.6328834140589655	0.2606954306069393
11375	0.17274193603278776	0.7007448158011416	0.12651324816607065
11376	0.12297994644862294	0.6425894694349046	0.23443058411647255
11377	0.17423309154411884	0.6526099813548245	0.1731569271010566
11378	0.17656878193733988	0.6462144791827846	0.17721673887987552
11379	0.17040584569632722	0.6742460816560184	0.15534807264765443
11380	0.18087633500752182	0.7118489278655661	0.10727473712691218
11381	0.1607040947773878	0.6563239573509722	0.18297194787163998
11382	0.17914855368921098	0.6569761544987728	0.16387529181201624
11383	0.15871397686617	0.7168234973274948	0.12446252580633517
11384	0.12635742916619253	0.7131265574108021	0.16051601342300537
11385	0.1283414999802132	0.7293967694853138	0.14226173053447294
11386	0.19043085992072503	0.6868972837266951	0.12267185635257986
11387	0.14915728263599976	0.6697016920455197	0.18114102531848061
11388	0.15979149609660256	0.7139885426750534	0.126219961228344
11389	0.1604429236715186	0.7026315993314254	0.13692547699705607
11390	0.16302925896861903	0.698634734248521	0.13833600678286004
11391	0.17201392538914834	0.6367793987219115	0.19120667588894022
11392	0.15028080495475857	0.635451094256193	0.21426810078904845
11393	0.13793385255278068	0.6447682961739812	0.2172978512732381
11394	0.14703579684198856	0.710364432307538	0.14259977085047343
11395	0.198372775934039	0.6529141212720444	0.1487131027939166
11396	0.1467126931611718	0.7179880939725322	0.13529921286629595
11397	0.12354595614478688	0.6662976427472125	0.21015640110800055
11398	0.1467126931611718	0.7179880939725322	0.13529921286629595
11399	0.1704655355076078	0.6484827694247783	0.18105169506761393
11400	0.1849351183652472	0.6998509312458204	0.11521395038893241
11401	0.14453483887662424	0.648897709733619	0.2065674513897566
11402	0.125942654892805	0.5805660544519002	0.2934912906552948
11403	0.13173302756633914	0.7240802305927944	0.14418674184086655
11404	0.16244962638220123	0.5722227951584614	0.26532757845933735
11405	0.1752613876725672	0.5598068332258533	0.26493177910157945
11406	0.24266060044166324	0.6167317349468014	0.14060766461153532
11407	0.18142734679719152	0.6996230007926517	0.11894965241015672
11408	0.14462597285103349	0.7177803534968694	0.13759367365209704
11409	0.15420872053311868	0.6635325448092867	0.1822587346575946
11410	0.2260822604910562	0.5967615520513793	0.1771561874575646
11411	0.1972577036354488	0.6501608382790303	0.15258145808552104
11412	0.16788757550742014	0.6516041311390475	0.18050829335353244
11413	0.19942331521872997	0.6204284888220875	0.1801481959591825
11414	0.16126122830737838	0.678355298518303	0.16038347317431864
11415	0.16201194469785543	0.5119161368862044	0.32607191841594013
11416	0.16849029079178834	0.6765665721208534	0.15494313708735832
11417	0.17032467761831463	0.52334556579387	0.3063297565878154
11418	0.16191488188246622	0.680480447620542	0.15760467049699178
11419	0.1481151390828526	0.7310941395897002	0.12079072132744724
11420	0.2497957400879273	0.6214712451024228	0.12873301480965
11421	0.13996397333079735	0.4879863041343251	0.37204972253487756
11422	0.15027937244935977	0.7530379017879422	0.09668272576269811
11423	0.1939158772291382	0.5716296459205322	0.23445447685032955
11424	0.2027934643211178	0.5720948013362283	0.22511173434265408
11425	0.16270770532595624	0.6897054697987587	0.14758682487528504
11426	0.1646532572133731	0.6540813486120987	0.18126539417452825
11427	0.16885330943756272	0.6131813643972629	0.2179653261651744
11428	0.1840663136336199	0.6977352690503535	0.11819841731602655
11429	0.13798557587758686	0.545089486260038	0.316924937862375
11430	0.15479262490856202	0.7104557788123178	0.13475159627912023
11431	0.11557223864881756	0.633020085906962	0.2514076754442205
11432	0.13335531695960698	0.637220376251907	0.22942430678848608
11433	0.18378899910626106	0.6903064256678746	0.12590457522586437
11434	0.2420472612484928	0.5405943031820566	0.21735843556945064
11435	0.1796564884442133	0.6451477976275679	0.17519571392821884
11436	0.1506561728596365	0.5705440711831662	0.2787997559571973
11437	0.16004777628975186	0.5749436285322489	0.2650085951779994
11438	0.13517324115325746	0.6921057537789322	0.17272100506781035
11439	0.1290078730151775	0.6080712893454825	0.26292083763934004
11440	0.14473193912208626	0.6640148548145207	0.19125320606339302
11441	0.13826455774225474	0.6340857173033515	0.22764972495439373
11442	0.15732180713084168	0.7000559623001315	0.14262223056902693
11443	0.13523056518699045	0.7402778037591109	0.12449163105389875
11444	0.18926184614497285	0.7139894262041531	0.09674872765087413
11445	0.1274139001402743	0.6338924932412451	0.23869360661848069
11446	0.13026635946948836	0.7172069068072474	0.1525267337232643
11447	0.18046738908223506	0.6517149928363388	0.16781761808142615
11448	0.17033773666867139	0.5759480443736822	0.25371421895764645
11449	0.11817829841498509	0.5955654679071634	0.2862562336778514
11450	0.15808224985859617	0.6437597625415394	0.19815798759986447
11451	0.20055035698422935	0.6450605199290321	0.15438912308673852
11452	0.1702658592712659	0.6893005919691696	0.14043354875956446
11453	0.1735507762349453	0.6907263815204997	0.13572284224455497
11454	0.17516203979661174	0.6245733051941755	0.20026465500921256
11455	0.13944811366209173	0.6762982760710209	0.1842536102668874
11456	0.22480149385086154	0.6242152273210287	0.15098327882810975
11457	0.20277993467148983	0.5159528300204972	0.281267235308013
11458	0.10666408278171001	0.6677982645358481	0.22553765268244202
11459	0.16470866404140494	0.6888341647698403	0.1464571711887547
11460	0.15007826264057414	0.6710940593540389	0.17882767800538701
11461	0.2150061586380502	0.651370252379518	0.13362358898243187
11462	0.16678974486831782	0.6802195397069035	0.15299071542477863
11463	0.1563870119292172	0.6695609648561919	0.1740520232145909
11464	0.13878324880608367	0.6786093648540676	0.1826073863398486
11465	0.13719331097321852	0.6987161678561771	0.16409052117060446
11466	0.17462125225727518	0.6576579288839537	0.16772081885877113
11467	0.2560773173406192	0.638864268926123	0.10505841373325775
11468	0.18593246606454017	0.6958516539548335	0.1182158799806263
11469	0.2568466284517155	0.6178404785161548	0.12531289303212956
11470	0.13169515885063673	0.693519385572192	0.1747854555771712
11471	0.17427364538178192	0.6685487182393114	0.15717763637890667
11472	0.13730118408166217	0.6386133877932487	0.22408542812508916
11473	0.14615505545669652	0.6325048770501105	0.22134006749319296
11474	0.15059929312122616	0.662185244383955	0.1872154624948188
11475	0.15059929312122616	0.662185244383955	0.1872154624948188
11476	0.16979947544215443	0.6519680756826074	0.17823244887523818
11477	0.14930210753822382	0.5173324186299009	0.33336547383187526
11478	0.172097876710471	0.6892274600549566	0.13867466323457237
11479	0.12681360429810734	0.7663319799633059	0.10685441573858674
11480	0.1503732165888159	0.7362899348002909	0.11333684861089321
11481	0.21748427023829642	0.6170819181900487	0.16543381157165488
11482	0.21748427023829642	0.6170819181900487	0.16543381157165488
11483	0.13579360507233096	0.7004059337891376	0.1638004611385314
11484	0.16682239701844878	0.7083535763071636	0.12482402667438773
11485	0.1525051169555437	0.7395157788508401	0.10797910419361621
11486	0.15908126784824383	0.7120059928588099	0.12891273929294628
11487	0.12265118179398364	0.6576581306026282	0.21969068760338803
11488	0.1332651396267335	0.6499240007900222	0.21681085958324417
11489	0.1859463012625538	0.6522758107948672	0.16177788794257894
11490	0.14450236285732387	0.5960030880196845	0.2594945491229915
11491	0.14837050809919336	0.6139486408646253	0.23768085103618145
11492	0.23856439065188498	0.6108329595606815	0.15060264978743346
11493	0.187145148069144	0.6842246879406014	0.1286301639902546
11494	0.14002113254458082	0.700515487960786	0.1594633794946332
11495	0.17427364538178192	0.6685487182393114	0.15717763637890667
11496	0.1639152211803828	0.691929472111028	0.14415530670858934
11497	0.27187951106174874	0.604812512376969	0.12330797656128221
11498	0.1267992217730602	0.6052991879606712	0.2679015902662685
11499	0.1380066760013648	0.6086720431961055	0.2533212808025297
11500	0.14636319429793157	0.7022364582098894	0.1514003474921791
11501	0.17788572989912468	0.6689606639099612	0.15315360619091403
11502	0.17487243585984696	0.6597616448492214	0.16536591929093164
11503	0.16384095841033522	0.5919168486179535	0.24424219297171137
11504	0.16744472285363216	0.6304257883367788	0.2021294888095891
11505	0.1568047714739104	0.7107294532991785	0.13246577522691122
11506	0.1583912484898179	0.6485096890019081	0.19309906250827402
11507	0.1614473880599191	0.691175259232223	0.14737735270785787
11508	0.15071799960012564	0.7126237076740165	0.13665829272585786
11509	0.27307503264763033	0.5924648615433946	0.13446010580897505
11510	0.28550958920150094	0.5897064242464918	0.12478398655200723
11511	0.1820651664786401	0.5680948222937299	0.24984001122763008
11512	0.2015777555348696	0.5324822529100607	0.26593999155506964
11513	0.19033341351419752	0.6844472876880784	0.12521929879772406
11514	0.12660489756662544	0.590095043085293	0.28330005934808167
11515	0.19991088017422087	0.6151615691532522	0.18492755067252706
11516	0.1840094892754152	0.6347125458020716	0.1812779649225133
11517	0.18059752542326868	0.7070532490481528	0.1123492255285785
11518	0.12502261071542808	0.684968578555195	0.1900088107293769
11519	0.1317405806872806	0.6640405044012669	0.20421891491145258
11520	0.15977177850506	0.6776544828094875	0.16257373868545244
11521	0.22658579628703954	0.6449774158228226	0.12843678789013788
11522	0.16669922949341054	0.7011450244825771	0.13215574602401242
11523	0.20555921959570553	0.6487947873247584	0.1456459930795361
11524	0.10717201620939865	0.6382306620963809	0.2545973216942205
11525	0.18900619380217776	0.6458419496045553	0.1651518565932669
11526	0.17320604447645666	0.5801663413967825	0.2466276141267609
11527	0.1792027388159428	0.6010116311506932	0.21978563003336385
11528	0.20300832725126836	0.6588291332945494	0.1381625394541823
11529	0.17209123056634026	0.6784376733080479	0.14947109612561177
11530	0.14229133202939062	0.4476461268606763	0.41006254110993307
11531	0.20010788896339726	0.6426175518525474	0.15727455918405525
11532	0.15242145098641732	0.6808875280884535	0.16669102092512914
11533	0.14438604063829477	0.7268889581896923	0.1287250011720128
11534	0.30357701679978166	0.5787111233198863	0.117711859880332
11535	0.1715062524051584	0.5824285780908658	0.24606516950397578
11536	0.15171563582054357	0.6822168303799557	0.16606753379950068
11537	0.14092261648388751	0.7382353442105397	0.12084203930557279
11538	0.13431574341308325	0.7299703194026284	0.13571393718428834
11539	0.1468422934452409	0.7292735675958474	0.1238841389589117
11540	0.1448530179153553	0.7143502844987576	0.14079669758588712
11541	0.19943805010412086	0.6160505805149122	0.18451136938096685
11542	0.11000934452053433	0.6768794054514597	0.21311125002800604
11543	0.1526831298427586	0.6895084476061356	0.15780842255110572
11544	0.1894698577295938	0.6969569546474074	0.11357318762299883
11545	0.14618091210593387	0.7323234391810208	0.12149564871304529
11546	0.1593969346040273	0.7128303954967004	0.12777266989927236
11547	0.14870954329232802	0.6998229006649572	0.15146755604271467
11548	0.1875555276075358	0.5820962333863489	0.23034823900611542
11549	0.14036531618864748	0.4809809979121609	0.37865368589919146
11550	0.17418051134266385	0.5999307347152707	0.22588875394206545
11551	0.19736281013474194	0.6650445494835661	0.13759264038169197
11552	0.23641507507161358	0.6560743784638877	0.10751054646449865
11553	0.20830566362623104	0.5967722878731204	0.1949220485006485
11554	0.13951810215046362	0.6749242779202703	0.18555761992926606
11555	0.1310670456703444	0.6689579018522868	0.19997505247736877
11556	0.16102853282540894	0.5380370001720619	0.30093446700252924
11557	0.1311461657786227	0.7117271652871817	0.15712666893419558
11558	0.10668255687266603	0.597405872607636	0.29591157051969813
11559	0.152003683160159	0.6978333484391557	0.1501629684006853
11560	0.18112698925539092	0.5761993565403231	0.24267365420428594
11561	0.181543613693642	0.6472085913820608	0.17124779492429723
11562	0.16414906883194083	0.6921493129763852	0.14370161819167396
