40860	0.42951331167676876	0.2734217090335836	0.2970649792896476
40861	0.5411689536750774	0.27002398527868926	0.18880706104623313
40862	0.2847455833715904	0.574427652665304	0.1408267639631056
40863	0.17314846961008026	0.5978609625172562	0.22899056787266356
40864	0.06143405975085341	0.41391014483422445	0.5246557954149221
40865	0.2588006560458608	0.42307346471852275	0.3181258792356165
40866	0.3390960352180157	0.44802442314371066	0.21287954163827377
40867	0.006024989427574488	0.5613097776318396	0.43266523294058584
40868	0.40689473507782387	0.3716945632229002	0.22141070169927593
40869	0.06890210189720662	0.657249739642802	0.2738481584599914
40870	0.28578020591463954	0.4400061083978319	0.2742136856875285
40871	0.12060867196727414	0.6700813596892365	0.20930996834348942
40872	0.07626476141414615	0.7466429300870203	0.17709230849883356
40873	0.10724387314238992	0.6347960024295676	0.2579601244280426
40874	0.6925039811813462	0.21638093829047247	0.09111508052818124
40875	0.6169774018924057	0.27554051118302525	0.10748208692456909
40876	0.14724220582763176	0.48208687752611845	0.37067091664624985
40877	0.12536438764146168	0.6036295220662263	0.27100609029231204
40878	0.47743847403063916	0.33629009398640264	0.18627143198295806
40879	0.4625094966605127	0.4302615428537711	0.10722896048571616
40880	0.07604496878145893	0.47454952658286637	0.4494055046356747
40881	0.6026070471270294	0.24734589783478222	0.15004705503818833
40882	0.09962032925639784	0.46217365184591513	0.4382060188976871
40883	0.35416977808553457	0.3937335725413058	0.25209664937315956
40884	0.4157515451768867	0.326185097733523	0.2580633570895903
40885	0.12932076226821654	0.4128614235835443	0.4578178141482392
40886	0.15191446345761433	0.5394109686798633	0.3086745678625224
40887	0.14083598247354254	0.7268966591876372	0.13226735833882025
40888	0.4523440216604958	0.40048018133705826	0.147175797002446
40889	0.5833954112864691	0.3584121136497086	0.05819247506382243
40890	0.15344473225719882	0.5271367524584734	0.3194185152843278
40891	0.23058789335544475	0.5282358313975516	0.2411762752470036
40892	0.5946806896206618	0.3325917649944701	0.07272754538486806
40893	0.05963834246233773	0.5656172157089295	0.37474444182873273
40894	0.09493586108688395	0.6603116464202369	0.2447524924928792
40895	0.6075483692672764	0.28801973067377534	0.10443190005894822
40896	0.6364549978019658	0.26345254625048	0.10009245594755406
40897	0.5628771596356018	0.3576177456828676	0.07950509468153058
40898	0.22764485663253817	0.507794909863743	0.2645602335037188
40899	0.5572678232737398	0.3480697160595905	0.09466246066666964
40900	0.03690510780091069	0.6673777579953886	0.29571713420370077
40901	0.05990643525128492	0.7638940795901569	0.1761994851585581
40902	0.04014296201064718	0.7235550495992518	0.23630198839010114
40903	0.5100629331806881	0.38776540605866766	0.1021716607606442
40904	0.12321622106600134	0.7199801433566624	0.1568036355773363
40905	0.08831600839995882	0.6198517721373137	0.2918322194627276
40906	0.08912327457051719	0.5752213819619496	0.33565534346753323
40907	0.4850938646513773	0.20864036033047245	0.30626577501815017
40908	0.25638029400904894	0.6082577880660046	0.1353619179249465
40909	0.2164405464063981	0.4347684287157985	0.3487910248778033
40910	0.18809624835659958	0.5294362965040084	0.28246745513939203
40911	0.5938213304625632	0.23708483402395045	0.1690938355134862
40912	0.2963915884311009	0.5469354181808975	0.15667299338800153
40913	0.16473786701290286	0.677675232816125	0.15758690017097224
40914	0.08667793545185139	0.42700853022812796	0.48631353432002067
40915	0.2266935613982766	0.5142655738312988	0.2590408647704246
40916	0.2384850762281332	0.6032714304606521	0.15824349331121465
40917	0.3043544749049914	0.5481900070665154	0.14745551802849313
40918	0.523872610653774	0.3207405967949088	0.15538679255131727
40919	0.244927096475533	0.5658089685667682	0.18926393495769872
40920	0.09105324239514584	0.46416834109202604	0.4447784165128282
40921	0.2112342030788866	0.6234197149059595	0.16534608201515383
40922	0.16086696137687378	0.5227278252332421	0.31640521338988414
40923	0.03223954548782257	0.7017502140782998	0.2660102404338776
40924	0.07031446353719695	0.6935207468450004	0.23616478961780263
40925	0.06820571329329007	0.6299515690176165	0.3018427176890934
40926	0.0546988114582513	0.4189247813737261	0.5263764071680227
40927	0.07696798827158614	0.46442419916808914	0.45860781256032473
40928	0.35057121615838904	0.5028521894817971	0.14657659435981402
40929	0.29445521760199594	0.567109401640946	0.13843538075705802
40930	0.2755957441401383	0.5198642736563279	0.20453998220353384
40931	0.15378526754252073	0.562675508557724	0.28353922389975533
40932	0.5778730042452669	0.3603447725175776	0.06178222323715545
40933	0.06291361056454278	0.4841130454812366	0.4529733439542206
40934	0.17827386813702772	0.4456835681067418	0.3760425637562306
40935	0.39738178857695977	0.44729964309007214	0.1553185683329681
40936	0.03432600642222409	0.5047519734416176	0.46092202013615835
40937	0.30445668547222626	0.33435618578525894	0.36118712874251485
40938	0.021674142182094354	0.49957877402965095	0.47874708378825476
40939	0.16858814828761004	0.5042120862529401	0.32719976545944984
40940	0.0936703088370778	0.46838525101087836	0.43794444015204387
40941	0.17547242315751171	0.5545270436459243	0.270000533196564
40942	0.41500196181991755	0.4813142132051525	0.1036838249749298
40943	0.4510112853926039	0.46362500024173064	0.08536371436566537
40944	0.1515095248717086	0.38524557941793214	0.46324489571035926
40945	0.33458238087190517	0.5570193598128086	0.10839825931528611
40946	0.3925000821989322	0.450122610655038	0.15737730714602985
40947	0.2494068967442102	0.5425605251111657	0.2080325781446241
40948	0.6008329951900817	0.286599224514846	0.11256778029507229
40949	0.2727460409070573	0.4314844965882483	0.29576946250469455
40950	0.36976900993980544	0.5305384358112669	0.09969255424892785
40951	0.1546564814067659	0.39666927747053976	0.44867424112269433
40952	0.2025877443902999	0.5025350468947404	0.2948772087149597
40953	0.18123917194254943	0.6793088403410795	0.13945198771637105
40954	0.14633555962426362	0.5885757641006683	0.26508867627506816
40955	0.020121330940329366	0.2921276575479136	0.687751011511757
40956	0.03950003213473003	0.3141338949865722	0.6463660728786977
40957	0.11084626412647307	0.5844487505801712	0.30470498529335566
40958	0.16589301609413154	0.4484147291360695	0.38569225476979885
40959	0.23740300973513026	0.48626578210486515	0.2763312081600045
40960	0.3049792059288537	0.6058402564814924	0.08918053758965377
40961	0.021667053906117263	0.3928651408950568	0.585467805198826
40962	0.04477242538913981	0.5147292320938878	0.4404983425169725
40963	0.29485542208255067	0.5351765730311904	0.16996800488625893
40964	0.15999782278432087	0.6903324991138455	0.14966967810183363
40965	0.1545695539282483	0.6240898506608633	0.22134059541088844
40966	0.38949594728112324	0.4550258307882293	0.15547822193064745
40967	0.01972185300250404	0.5474770884307378	0.4328010585667581
40968	0.44476606760964527	0.4552957967025375	0.09993813568781723
40969	0.41309656247600723	0.43872146998138767	0.14818196754260501
40970	0.02368233055729777	0.3642340874176799	0.6120835820250223
40971	0.5070276169753709	0.40857792838849627	0.08439445463613289
40972	0.0752440135772337	0.6872419978195928	0.2375139886031735
40973	0.16094882561981785	0.3421747176976601	0.496876456682522
40974	0.08767630087962636	0.6948445957214606	0.21747910339891297
40975	0.20534831948245955	0.5838129673001304	0.21083871321741
40976	0.20322442422710127	0.6256743249820622	0.1711012507908365
40977	0.1362911184320009	0.47240923233860055	0.3912996492293985
40978	0.10766506406349585	0.3593934772117995	0.5329414587247048
40979	0.30452964963102064	0.43631975419448626	0.2591505961744931
40980	0.11501301453815178	0.6273803719634904	0.2576066134983578
40981	0.06665834477513354	0.6361842357826956	0.2971574194421709
40982	0.23586932108574393	0.3387832665443925	0.42534741236986356
40983	0.1922316802191307	0.5474181352026547	0.2603501845782145
40984	0.19507101942659497	0.45383814906975173	0.3510908315036533
40985	0.20696357865573925	0.6458578144181627	0.14717860692609797
40986	0.4481566795525815	0.40731774685737	0.14452557359004858
40987	0.34419982000054045	0.5274401434509599	0.1283600365484997
40988	0.14021653571258688	0.3799661956569741	0.47981726863043905
40989	0.10504404373423325	0.6320097679706452	0.26294618829512156
40990	0.13746296905638125	0.6903511065610739	0.17218592438254485
40991	0.06842372362789897	0.7815029327969353	0.15007334357516564
40992	0.18926959509187344	0.6607044925271671	0.15002591238095947
40993	0.1922443962885951	0.578703715155733	0.22905188855567185
40994	0.07556841031921378	0.3366868487511535	0.5877447409296328
40995	0.4521394849149613	0.3246012200511794	0.22325929503385913
40996	0.37540640852979146	0.39720236214975896	0.22739122932044956
40997	0.46533140752210256	0.40664006793243446	0.12802852454546304
40998	0.6199412021454683	0.31618555301923423	0.06387324483529737
40999	0.055139866471076146	0.7766260458887351	0.16823408764018877
41000	0.11308674808459332	0.7072675318291728	0.17964572008623392
41001	0.3709331854832275	0.5323825695002046	0.09668424501656797
41002	0.23239744396687093	0.30719492358698297	0.460407632446146
41003	0.02194562507840664	0.900045955469124	0.07800841945246935
41004	0.1361166833275446	0.5786543138387246	0.28522900283373087
41005	0.19336835234582347	0.6113761013408995	0.19525554631327702
41006	0.5089260143350637	0.3102577001828154	0.1808162854821208
41007	0.2271572700239125	0.6409366019493286	0.1319061280267589
41008	0.05692647375968389	0.5532458457663622	0.3898276804739539
41009	0.08985036647844409	0.615737879238493	0.29441175428306293
41010	0.4931153990278252	0.31052157108491657	0.1963630298872582
41011	0.16927238834651065	0.7010120612242086	0.12971555042928085
41012	0.33221480998350084	0.4495354054515682	0.218249784564931
41013	0.23891742445917624	0.5488566825365024	0.21222589300432132
41014	0.22937293830851657	0.6271715287145679	0.14345553297691552
41015	0.49199557789321174	0.3636061488011524	0.14439827330563582
41016	0.13811294685404532	0.6730508068372792	0.18883624630867538
41017	0.4977096702597913	0.29043329256902717	0.2118570371711816
41018	0.5725175827627612	0.24801278077758557	0.17946963645965316
41019	0.040761957457629276	0.46878182452247763	0.4904562180198931
41020	0.3597329132634477	0.46118588822604667	0.1790811985105058
41021	0.14238488851937572	0.703634759900988	0.1539803515796362
41022	0.5213573573240496	0.2602120339803994	0.21843060869555098
41023	0.34593673630831956	0.23256819693437697	0.42149506675730347
41024	0.06414063335432985	0.3654326633670419	0.5704267032786282
41025	0.3185854622190656	0.4369355619041113	0.24447897587682316
41026	0.19802508181115627	0.5965361611444551	0.2054387570443887
41027	0.23360625655076675	0.4935161102068687	0.27287763324236447
41028	0.2295311934468569	0.6016361419935667	0.16883266455957635
41029	0.2295311934468569	0.6016361419935667	0.16883266455957635
41030	0.4926146809062016	0.3473265048069043	0.16005881428689414
41031	0.07094484427175791	0.5548681726682575	0.3741869830599846
41032	0.0350224760839815	0.6374523751601308	0.3275251487558877
41033	0.03818605116676449	0.714432824193001	0.2473811246402345
41034	0.019082917854492624	0.39590802904463207	0.5850090531008754
41035	0.4382046700529711	0.3763727451970091	0.1854225847500198
41036	0.25041082858221414	0.4674504460642557	0.28213872535353013
41037	0.46126875090479824	0.4283384940117817	0.11039275508342002
41038	0.11236227275904008	0.7496523874768787	0.13798533976408128
41039	0.2849474037909703	0.5459285564768893	0.16912403973214035
41040	0.06310625103034584	0.5858637108947168	0.3510300380749373
41041	0.031363184808230624	0.5261330730696975	0.4425037421220719
41042	0.3439348356578517	0.5048692600627781	0.15119590427936996
41043	0.0582284901987214	0.7553196741280748	0.18645183567320386
41044	0.2942230999927264	0.5916097729685722	0.11416712703870133
41045	0.3008266362237725	0.5360956305824817	0.16307773319374572
41046	0.33473894535417653	0.3027693338624001	0.36249172078342334
41047	0.20856288876791768	0.6231695347229645	0.16826757650911772
41048	0.5526826255033324	0.32778370614271585	0.11953366835395177
41049	0.3008266362237725	0.5360956305824817	0.16307773319374572
41050	0.09808568849357092	0.6202479239149877	0.2816663875914412
41051	0.5032360916474161	0.3343444337772524	0.16241947457533157
41052	0.2819335186956829	0.6155991178477516	0.10246736345656554
41053	0.5050522733087172	0.37940873622154275	0.11553899046974019
41054	0.42391749696003556	0.5060624669867999	0.07002003605316454
41055	0.14107649512063422	0.5565085936508116	0.3024149112285542
41056	0.12222966528445141	0.5196180727670265	0.35815226194852207
41057	0.16031613731150968	0.4874732193519768	0.3522106433365136
41058	0.18417606872988723	0.618176042564959	0.1976478887051539
41059	0.1295656022168189	0.7092342238013905	0.16120017398179076
41060	0.2638304203573401	0.5096133521788915	0.2265562274637684
41061	0.07943515435446342	0.4607356652401574	0.4598291804053793
41062	0.3127454715280598	0.39236510213017495	0.29488942634176535
41063	0.44715942471763903	0.40471618557298494	0.14812438970937608
41064	0.08986844342438699	0.7111147219413108	0.1990168346343023
41065	0.033856058467398094	0.6565798886125924	0.3095640529200094
41066	0.28240767990947696	0.3838895269886226	0.3337027931019004
41067	0.09240718255176672	0.5707390058000941	0.3368538116481392
41068	0.13156326737614507	0.624961261694523	0.24347547092933183
41069	0.526685841550228	0.2605312363340872	0.21278292211568486
41070	0.05068465477023958	0.3752740909059213	0.5740412543238391
41071	0.2295114458948988	0.5505851694123022	0.21990338469279896
41072	0.5568706581285418	0.37806387650568823	0.06506546536576996
41073	0.12067388120897006	0.5537353823230917	0.3255907364679383
41074	0.5267974229151869	0.3261885413747244	0.1470140357100887
41075	0.5110951193388779	0.4202685666136031	0.06863631404751899
41076	0.43191137099936056	0.3931434920401695	0.1749451369604699
41077	0.40641469652046924	0.4298094695696915	0.16377583390983924
41078	0.1181470402451841	0.5952039778670534	0.2866489818877626
41079	0.3421834979953905	0.5079513473836483	0.14986515462096112
41080	0.034353715144906996	0.7312714760098775	0.2343748088452155
41081	0.23663063106698362	0.37626022917105467	0.38710913976196165
41082	0.3575656263853803	0.40818557408932565	0.23424879952529418
41083	0.3335775558641623	0.47297691926299745	0.19344552487284014
41084	0.5498967995029558	0.374577946048344	0.07552525444870029
41085	0.2323818325449165	0.5567621477961385	0.2108560196589449
41086	0.39350528920631583	0.4679935558122324	0.1385011549814519
41087	0.10215813198841232	0.5065440199161336	0.39129784809545404
41088	0.03447239153203858	0.41610351844291465	0.5494240900250468
41089	0.0674015320584605	0.6326695716800422	0.2999288962614973
41090	0.4771460374243198	0.3669561727236016	0.1558977898520785
41091	0.1414886679453359	0.5697331053839413	0.2887782266707228
41092	0.09124209882800718	0.32824231929247205	0.5805155818795208
41093	0.2692106942038538	0.588870096701347	0.14191920909479913
41094	0.5163728971463194	0.3095742880400685	0.17405281481361218
41095	0.16977357124471448	0.5774624601573338	0.25276396859795175
41096	0.015952687554574446	0.5730234247651326	0.4110238876802931
41097	0.23668808867856958	0.6267424606899317	0.13656945063149875
41098	0.47422714319726356	0.43459136271484533	0.09118149408789099
41099	0.0353140797271987	0.835125733425816	0.1295601868469854
41100	0.05372783370323191	0.5148687683848935	0.43140339791187465
41101	0.1215210401160968	0.5845750165417695	0.29390394334213377
41102	0.07910334601012949	0.6852826836576793	0.2356139703321912
41103	0.13174819370845822	0.6078699839063233	0.26038182238521845
41104	0.41325060252212475	0.4933319894061391	0.0934174080717361
41105	0.21453025089154343	0.4422759002757027	0.34319384883275383
41106	0.3180587811020846	0.4856404531309763	0.19630076576693925
41107	0.37200136861654004	0.44374616922619636	0.18425246215726354
41108	0.06090649035801361	0.5651933910285912	0.37390011861339517
41109	0.344228324683648	0.4264052485761277	0.22936642674022426
41110	0.521230625254306	0.39990834910005657	0.0788610256456374
41111	0.15561695934323475	0.6360473982001751	0.20833564245659011
41112	0.5259079047887342	0.3004092121282407	0.17368288308302507
41113	0.18823848141558053	0.6053155968430317	0.2064459217413878
41114	0.31827283759256125	0.5294339052987139	0.15229325710872477
41115	0.6273043366986767	0.269091220989844	0.10360444231147926
41116	0.04024779324855218	0.7286371994098604	0.2311150073415874
41117	0.05333954378566684	0.32703801545252636	0.6196224407618067
41118	0.43321244471315973	0.46709797274366327	0.09968958254317711
41119	0.19709854495564263	0.5150865100535823	0.2878149449907751
41120	0.2679311454955983	0.5141695295268698	0.2178993249775319
41121	0.25716081881857233	0.338594634203479	0.4042445469779487
41122	0.6377420538501218	0.27071358694885855	0.09154435920101961
41123	0.28333518313173617	0.4252928438905065	0.2913719729777573
41124	0.3008266362237725	0.5360956305824817	0.16307773319374572
41125	0.08311389348965241	0.4976326517418753	0.41925345476847226
41126	0.3333572110678971	0.34269479395918484	0.323947994972918
41127	0.49860693376142734	0.3512247166361915	0.15016834960238123
41128	0.062127252021592735	0.6852844855369337	0.2525882624414736
41129	0.12976872878804238	0.6800599536072178	0.1901713176047398
41130	0.07544692741326676	0.5023243739072422	0.4222286986794911
41131	0.2908125656063484	0.5363292628998141	0.17285817149383748
41132	0.15021164376220453	0.6621154809684237	0.1876728752693718
41133	0.28038999295204803	0.5260045443701786	0.19360546267777334
41134	0.1984564291278066	0.4174395812735244	0.3841039895986691
41135	0.25364676741236986	0.5696576600306622	0.17669557255696797
41136	0.30706797737700975	0.45984748025150257	0.23308454237148765
41137	0.40027817520777403	0.43822385207317954	0.16149797271904656
41138	0.01732458450277822	0.5271912097210321	0.45548420577618975
41139	0.050102166342128586	0.3768391584143096	0.5730586752435619
41140	0.6124239703531691	0.294990427993511	0.09258560165331997
41141	0.05067725056345031	0.42410397049927767	0.525218778937272
41142	0.39533635496368885	0.4755956003457191	0.12906804469059202
41143	0.23459562904676043	0.6044489853944502	0.16095538555878924
41144	0.6291267281957382	0.30866922733253044	0.06220404447173146
41145	0.05919903733018017	0.5100926291278315	0.43070833354198834
41146	0.28746847987950086	0.5097120046410722	0.20281951547942687
41147	0.5498278084356838	0.340793671268772	0.10937852029554423
41148	0.26808750260912817	0.5049925162489753	0.22691998114189646
41149	0.1410910979581837	0.683454580842585	0.17545432119923135
41150	0.5796332295036957	0.2601429017718779	0.16022386872442632
41151	0.014161841816214353	0.5296007389301828	0.4562374192536028
41152	0.036827473383517134	0.5330194100160736	0.43015311660040934
41153	0.07913047537901902	0.48730088835723007	0.433568636263751
41154	0.5510605262174978	0.3432086341023454	0.10573083968015683
41155	0.245418915689808	0.50494482244568	0.24963626186451185
41156	0.06782734360387722	0.4051928682066176	0.5269797881895052
41157	0.24858483764944073	0.5248903765149354	0.22652478583562397
41158	0.302822731272795	0.39413057717970673	0.3030466915474982
41159	0.3627119349229107	0.46900103157469286	0.16828703350239654
41160	0.3501067878787525	0.45576036979869256	0.1941328423225551
41161	0.061234431781842937	0.679059904726324	0.259705663491833
41162	0.12112378374415876	0.5649064659981095	0.3139697502577318
41163	0.052452394003323306	0.6630802904246749	0.2844673155720019
41164	0.08100321301788728	0.7501713313597388	0.1688254556223739
41165	0.13335155412466915	0.5727338824903945	0.2939145633849364
41166	0.22436817855968896	0.6120697217701399	0.16356209967017116
41167	0.5328766315896055	0.33791882992472044	0.129204538485674
41168	0.43047612723826084	0.40730492055854717	0.16221895220319196
41169	0.6614753719588871	0.2548484481570906	0.08367617988402234
41170	0.3926591135586538	0.43371059776847726	0.1736302886728691
41171	0.49628489802007864	0.32812293344968957	0.17559216853023177
41172	0.18544305811994316	0.6730454333491855	0.14151150853087124
41173	0.1489411409103444	0.5864139408178419	0.26464491827181363
41174	0.19495945466817688	0.4645013412178489	0.3405392041139742
41175	0.48472879741047364	0.38564584788260237	0.129625354706924
41176	0.24541242643132935	0.49622791907886754	0.2583596544898032
41177	0.134762834345181	0.2993396851412134	0.5658974805136056
41178	0.6590759873213176	0.19728975652406516	0.14363425615461733
41179	0.12946181993392106	0.4161318082692333	0.4544063717968456
41180	0.23275395103870808	0.648617007984853	0.11862904097643899
41181	0.12609215556206524	0.519943866202215	0.3539639782357199
41182	0.21636843096184719	0.5857909123739015	0.19784065666425135
41183	0.40106312261728666	0.24004276339623917	0.3588941139864741
41184	0.17194042389852157	0.6775182561012358	0.1505413200002426
41185	0.5144634639122065	0.36765780586487834	0.11787873022291517
41186	0.4948370091647421	0.37954568967677216	0.12561730115848577
41187	0.04339759607126664	0.46428636846568244	0.4923160354630508
41188	0.046679617613255876	0.8128731204525432	0.1404472619342009
41189	0.20733099849983155	0.46044239996351666	0.33222660153665173
41190	0.19899088469132392	0.5651386448047447	0.23587047050393137
41191	0.13580191236021794	0.6827888850850496	0.18140920255473242
41192	0.4355156659344674	0.3869227004568809	0.17756163360865182
41193	0.5890076853512778	0.3492343713604847	0.06175794328823763
41194	0.5386480078681475	0.3543477928205673	0.10700419931128523
41195	0.1517699920163672	0.5965075665596169	0.25172244142401584
41196	0.24228778465798861	0.47462991405615956	0.28308230128585177
41197	0.09193345399455898	0.6943987737357498	0.21366777226969128
41198	0.06217686547643796	0.45057609175289914	0.4872470427706629
41199	0.017346033766047948	0.5085464988029826	0.4741074674309695
41200	0.026613276586730166	0.3649525062165575	0.6084342171967124
41201	0.03374869090627275	0.4153905738488221	0.5508607352449052
41202	0.09558594593454643	0.29779205615887133	0.6066219979065821
41203	0.24213318468694572	0.3683882833731609	0.38947853193989346
41204	0.5040961662747762	0.40357406950364794	0.09232976422157595
41205	0.5430354211381513	0.32393607090469184	0.1330285079571569
41206	0.41600534107314785	0.3570255858475409	0.22696907307931116
41207	0.0683787419882352	0.6300704935674251	0.30155076444433976
41208	0.11501100836253904	0.45301819993760123	0.43197079169985975
41209	0.15571722659032655	0.5916166592251328	0.2526661141845406
41210	0.15936632012196045	0.25060316949922135	0.5900305103788182
41211	0.05690786847095192	0.48962822945988493	0.45346390206916304
41212	0.4502431189742374	0.45666716371543475	0.09308971731032774
41213	0.04494631087085823	0.5501151304857436	0.4049385586433982
41214	0.06752894574717493	0.6338287459279529	0.2986423083248721
41215	0.200108320811008	0.5550631182867956	0.24482856090219643
41216	0.43784177912913846	0.3785746765265334	0.18358354434432797
41217	0.05007144762669461	0.770880511433296	0.1790480409400095
41218	0.08458286227114656	0.5936339895253759	0.32178314820347753
41219	0.11206528922690427	0.5854804279699306	0.30245428280316505
41220	0.21826633122266387	0.5985385399801828	0.18319512879715344
41221	0.16072329745232397	0.5929903728223415	0.2462863297253346
41222	0.57704494603191	0.2750206222200506	0.14793443174803947
41223	0.572833298714905	0.32303943210374786	0.10412726918134718
41224	0.056403934355030744	0.41197511187762115	0.531620953767348
41225	0.03354678774312314	0.355335433003703	0.6111177792531738
41226	0.27199862305118133	0.4558717486685958	0.27212962828022297
41227	0.1684697915957531	0.6850448842622388	0.14648532414200813
41228	0.14892093601469905	0.6485564184573018	0.20252264552799906
41229	0.19185837355792484	0.5666941287246878	0.24144749771738735
41230	0.6875592995309832	0.23378714176326845	0.07865355870574839
41231	0.5543878695721832	0.31440003330209193	0.13121209712572487
41232	0.07267373654031858	0.3287160656525305	0.598610197807151
41233	0.10353287247777312	0.5218513464530704	0.37461578106915655
41234	0.5212619628128371	0.3717473265302089	0.10699071065695395
41235	0.4750929338588972	0.4018108950772122	0.12309617106389069
41236	0.5255433421979914	0.36609075578135486	0.10836590202065377
41237	0.2419562464955008	0.46973723553740176	0.2883065179670974
41238	0.36778775798376145	0.5123309827725443	0.11988125924369429
41239	0.10296580199185255	0.5735089744533608	0.32352522355478663
41240	0.5574872605698131	0.28336425157276257	0.1591484878574243
41241	0.5444573023977469	0.34510628551277306	0.11043641208948009
41242	0.5372686851033418	0.33607430213857037	0.12665701275808777
41243	0.48943721093010756	0.35550305525693504	0.15505973381295726
41244	0.653375091630999	0.302127115184969	0.044497793184032054
41245	0.2959409279027181	0.4984795197406117	0.20557955235667014
41246	0.28282344958708705	0.5223462174808071	0.19483033293210586
41247	0.04535715368929939	0.5309469235331794	0.42369592277752127
41248	0.09561136713004947	0.6602469878314965	0.2441416450384541
41249	0.13310830957633674	0.5677561207584534	0.2991355696652099
41250	0.2596390453550462	0.4592445837120663	0.28111637093288755
41251	0.3002275938674489	0.30673473899332104	0.3930376671392301
41252	0.13908079716193295	0.6080134330321505	0.2529057698059165
41253	0.13655906588791858	0.6017704553301726	0.2616704787819088
41254	0.24256290079775375	0.5324313967923211	0.22500570240992515
41255	0.1961541778226065	0.5952656368952204	0.2085801852821731
41256	0.02020762109906062	0.31286815780856725	0.6669242210923721
41257	0.08007057390482333	0.5262936134932479	0.39363581260192876
41258	0.07539484198061118	0.4763463793980396	0.4482587786213492
41259	0.019484183355942153	0.537348724514859	0.4431670921291988
41260	0.13745683762970037	0.4667966166305671	0.3957465457397325
41261	0.20397246250889658	0.5138199735101165	0.28220756398098684
41262	0.3221290343932994	0.5078512059913389	0.17001975961536173
41263	0.3085900620428048	0.5610384464389462	0.13037149151824906
41264	0.041644678757741714	0.5061915073526069	0.4521638138896513
41265	0.06405759928694407	0.588539446802935	0.3474029539101209
41266	0.29888899197796326	0.5372974134366852	0.1638135945853514
41267	0.31053010434596456	0.2851621088846457	0.4043077867693898
41268	0.3459363542921918	0.5169630719136724	0.13710057379413568
41269	0.1358351025407028	0.6028786090136544	0.2612862884456428
41270	0.15013501643105895	0.424608070354749	0.42525691321419196
41271	0.17400156599570493	0.3378546495618098	0.48814378444248524
41272	0.10629217409696474	0.6822307585130896	0.21147706738994565
41273	0.08184028224807889	0.661580747821608	0.25657896993031304
41274	0.10622950623249551	0.7731090433543308	0.12066145041317361
41275	0.32052694052182684	0.5368080727305496	0.1426649867476235
41276	0.2500424576619011	0.43330013909661236	0.3166574032414865
41277	0.27327256503917563	0.539250316201704	0.18747711875912015
41278	0.1088903455746922	0.6733892886081918	0.2177203658171159
41279	0.2080266692561054	0.4025884438898672	0.38938488685402733
41280	0.48913865574207177	0.39942647277680227	0.11143487148112594
41281	0.11559983064758106	0.5436542759107597	0.3407458934416592
41282	0.12433922607641024	0.6742763847074748	0.20138438921611507
41283	0.31501963016494744	0.49308640521996333	0.19189396461508923
41284	0.16770723484504355	0.4276838067020318	0.4046089584529245
41285	0.2296204021668661	0.4464215368104718	0.3239580610226621
41286	0.3735240749120183	0.5174249321692926	0.1090509929186891
41287	0.21484093996905032	0.417923169632943	0.3672358903980067
41288	0.18480477065436804	0.5700297877883942	0.24516544155723777
41289	0.3293401783604449	0.440506622263652	0.23015319937590314
41290	0.5900869353750171	0.34528170177731504	0.06463136284766775
41291	0.042222317700384954	0.4476365518449178	0.5101411304546972
41292	0.2989546388768798	0.38178055021202534	0.3192648109110949
41293	0.19150588014988004	0.604689593233804	0.20380452661631593
41294	0.19248298244062992	0.6019860651723821	0.20553095238698796
41295	0.13472911413627048	0.6288264373450702	0.23644444851865945
41296	0.33620825527829923	0.40295147841343626	0.26084026630826446
41297	0.3533825988467014	0.4513203919508152	0.19529700920248327
41298	0.3533825988467014	0.4513203919508152	0.19529700920248327
41299	0.03863074091957132	0.8622469050452145	0.09912235403521422
41300	0.20328265145556643	0.5659848130082098	0.2307325355362238
41301	0.10243225117208901	0.5129399061120865	0.38462784271582445
41302	0.5624702728790015	0.3462099617740434	0.09131976534695502
41303	0.6346473545806006	0.257476740452131	0.10787590496726841
41304	0.06212277165633977	0.6214701163202081	0.31640711202345223
41305	0.17411781707498433	0.4159677549461713	0.40991442797884436
41306	0.1870463604943467	0.525364769899968	0.2875888696056852
41307	0.12570180924810706	0.6940922663331204	0.1802059244187725
41308	0.16377441410461774	0.6775400750981497	0.15868551079723253
41309	0.14563749165432976	0.5641940989463504	0.29016840939931976
41310	0.049721235268294396	0.8032850434727123	0.1469937212589932
41311	0.10366986448453665	0.5050968415409728	0.39123329397449064
41312	0.04355990533491725	0.7050561272599591	0.2513839674051236
41313	0.2710834186063368	0.5044314858733885	0.22448509552027454
41314	0.08032847472212104	0.5105076340844142	0.4091638911934647
41315	0.10105790225654168	0.45207110677763873	0.4468709909658197
41316	0.37111510784364754	0.4290381364828015	0.19984675567355092
41317	0.4447863087613983	0.45968461873083427	0.0955290725077673
41318	0.201130510073325	0.3815071436701832	0.41736234625649177
41319	0.14585887241627646	0.5113963802176212	0.3427447473661023
41320	0.07462248502537529	0.5060729398975707	0.4193045750770539
41321	0.3486891996360222	0.5061134584650546	0.14519734189892333
41322	0.5810783316526293	0.34388857080916047	0.07503309753821023
41323	0.023582434269468176	0.4330610092783481	0.5433565564521836
41324	0.007693476238292966	0.2998905438523399	0.692415979909367
41325	0.111780807292168	0.7411786875523184	0.1470405051555137
41326	0.17502958588697198	0.3072804647100921	0.5176899494029359
41327	0.3440731791881072	0.5342943928574848	0.12163242795440796
41328	0.6444322133584842	0.3044461301272147	0.051121656514301096
41329	0.3467052871135748	0.33600479924331456	0.31728991364311054
41330	0.03683025658580269	0.38824897553256116	0.5749207678816362
41331	0.07948150877170802	0.5135331989495342	0.40698529227875785
41332	0.0709237914578696	0.7888732451441849	0.1402029633979455
41333	0.3199378235317183	0.49269837158743884	0.1873638048808429
41334	0.1246111475798197	0.6265488622384198	0.2488399901817606
41335	0.4421097919864369	0.3897900195119272	0.16810018850163597
41336	0.017929063482304677	0.45424221278005306	0.5278287237376423
41337	0.6157960332927419	0.2903549281653143	0.09384903854194371
41338	0.6233850558260122	0.2495229023819977	0.12709204179199018
41339	0.03258900572178365	0.5554279395715842	0.4119830547066321
41340	0.20790237024029234	0.5219974532125269	0.27010017654718077
41341	0.25467022853497406	0.5042207106712437	0.2411090607937821
41342	0.06774126426338822	0.5715125678181178	0.36074616791849407
41343	0.434062726557564	0.44614485838343987	0.11979241505899607
41344	0.09062387647039821	0.4645039844083601	0.4448721391212418
41345	0.024449200590330213	0.8374163457561757	0.13813445365349403
41346	0.3710206361305924	0.4265672783570074	0.20241208551240017
41347	0.1471411890434481	0.4160482589854206	0.43681055197113133
41348	0.6586504411527105	0.25858673773440244	0.08276282111288694
41349	0.14711481283566719	0.6024082925472157	0.25047689461711714
41350	0.12220889790980076	0.3967027641069786	0.48108833798322065
41351	0.25297016848315035	0.4292924696360261	0.3177373618808235
41352	0.5225609937255511	0.32020546704292124	0.1572335392315276
41353	0.13941802810347087	0.6572399091683723	0.20334206272815683
41354	0.026119449370096356	0.5542249378087448	0.41965561282115893
41355	0.4480245304236596	0.4481824389138297	0.10379303066251072
41356	0.12798306618612917	0.3909971265360338	0.481019807277837
41357	0.5729456622857636	0.3421118691044645	0.08494246860977192
41358	0.060589173956226816	0.5913781594405577	0.3480326666032155
41359	0.2892165059810818	0.586635485345638	0.12414800867328016
41360	0.33783249368163437	0.5201331532721473	0.14203435304621828
41361	0.02411103087843408	0.22142944178289017	0.7544595273386757
41362	0.43288498096863776	0.43037203598381163	0.13674298304755064
41363	0.024083543998870707	0.2764184751116885	0.6994979808894408
41364	0.556850805418468	0.2514033136637533	0.1917458809177788
41365	0.43765440619440404	0.29506322711462585	0.2672823666909701
41366	0.08091213793003571	0.7617101010202373	0.157377761049727
41367	0.16335827791154647	0.6689395063975637	0.16770221569088986
41368	0.3328528331101261	0.5375070751113318	0.1296400917785423
41369	0.021888001814490538	0.6341589063691384	0.34395309181637096
41370	0.2835206483865083	0.5675709063723239	0.1489084452411677
41371	0.05904067392481339	0.6659171128893846	0.27504221318580196
41372	0.3006205102778163	0.45885721532349033	0.24052227439869323
41373	0.0644674397740362	0.4958886701597922	0.4396438900661716
41374	0.22891482783096914	0.4876334114407948	0.2834517607282361
41375	0.46063418091819425	0.3904177379576101	0.14894808112419558
41376	0.22378973307444602	0.5286351864490745	0.24757508047647958
41377	0.4809872188445066	0.44822135499273047	0.07079142616276288
41378	0.1730254206587792	0.6654692935507769	0.16150528579044396
41379	0.14556585928565302	0.7337748382487178	0.12065930246562918
41380	0.5091226225784117	0.2495160496521231	0.24136132776946526
41381	0.47498896060544504	0.3472731049649179	0.17773793442963698
41382	0.2454190576484158	0.3731333707236885	0.3814475716278956
41383	0.03522954720674532	0.6285615300934072	0.3362089226998475
41384	0.313115111890427	0.34940244960943007	0.337482438500143
41385	0.5830236814703161	0.341569553709856	0.07540676481982786
41386	0.22052864876753786	0.37072428896644993	0.4087470622660122
41387	0.23558905724617357	0.4534854276427418	0.3109255151110846
41388	0.18687998146830337	0.6602598104279235	0.15286020810377315
41389	0.15670017127901703	0.6456596923879617	0.19764013633302113
41390	0.11435198755773142	0.658081360996758	0.2275666514455107
41391	0.24459925346988867	0.6445105981077421	0.11089014842236924
41392	0.2295114458948988	0.5505851694123022	0.21990338469279896
41393	0.14435256563062068	0.6998684010059246	0.15577903336345472
41394	0.24965450567256245	0.5995958178468503	0.15074967648058726
41395	0.0864682438475515	0.6323505398650748	0.2811812162873737
41396	0.26292607268769136	0.5356578723575911	0.20141605495471757
41397	0.15300790391963648	0.6087646279879358	0.23822746809242765
41398	0.3460323779202091	0.5196296056550745	0.13433801642471643
41399	0.34897538786158144	0.5312609895302544	0.11976362260816423
41400	0.18034520704168144	0.6210885175519663	0.19856627540635235
41401	0.13247447262962167	0.6401146927449413	0.22741083462543704
41402	0.5023168140152934	0.3833597379973824	0.11432344798732419
41403	0.45266947034074817	0.3941871057954787	0.15314342386377303
41404	0.62648175510982	0.3098222970809351	0.06369594780924494
41405	0.2252175769128097	0.5714438899981081	0.20333853308908212
41406	0.053117999620837006	0.41420187211458565	0.5326801282645774
41407	0.0475266287882824	0.4148974431222211	0.5375759280894965
41408	0.08727912716927505	0.5489298050275718	0.36379106780315307
41409	0.4837221207903439	0.37343185343946655	0.14284602577018954
41410	0.34001834658843827	0.4172227474890607	0.24275890592250118
41411	0.20761851795998273	0.5416837125255441	0.2506977695144731
41412	0.072179511140882	0.4271781002143942	0.5006423886447239
41413	0.521676782837712	0.34039650551048534	0.13792671165180267
41414	0.37187906105224355	0.4121257347831171	0.21599520416463938
41415	0.3990585900333959	0.5048840609941038	0.09605734897250028
41416	0.31873370940888984	0.5111091050697658	0.17015718552134437
41417	0.4477317146657645	0.41400794393781315	0.13826034139642246
41418	0.5107355120806775	0.3838944468817867	0.10537004103753586
41419	0.3215935013834883	0.5020905251245464	0.1763159734919652
41420	0.5013380446730502	0.3467264905668586	0.15193546476009118
41421	0.25563254230098853	0.4347251625769336	0.30964229512207797
41422	0.40643330492399105	0.35182658791914173	0.24174010715686728
41423	0.560920305436	0.2348643915597419	0.20421530300425803
41424	0.13272598446119477	0.6235584108614903	0.24371560467731493
41425	0.4149892331514326	0.4624517836981744	0.12255898315039294
41426	0.5787802031870547	0.34321294623697096	0.07800685057597445
41427	0.07532077782701428	0.5996196742585491	0.32505954791443664
41428	0.16207905927390212	0.7361982654458219	0.10172267528027594
41429	0.08161968935326351	0.6620095070410565	0.25637080360567993
41430	0.11122667197722287	0.7557652367310024	0.13300809129177477
41431	0.05038943278257637	0.6156891835498517	0.33392138366757196
41432	0.4294517441736339	0.34883504498130075	0.22171321084506526
41433	0.1415451589989004	0.3332330993486982	0.5252217416524013
41434	0.4809987031060767	0.41366046075600504	0.1053408361379184
41435	0.5636084482182052	0.34087766292474314	0.09551388885705163
41436	0.32727171627908713	0.3755115483121383	0.2972167354087746
41437	0.4154977307238751	0.38764072096470303	0.19686154831142189
41438	0.692505469199788	0.22437683490271748	0.08311769589749458
41439	0.22485812837362615	0.4587111758539573	0.31643069577241645
41440	0.3565384212475978	0.4778008437726236	0.16566073497977837
41441	0.44050216396203107	0.4026643109629874	0.1568335250749816
41442	0.08877909465954723	0.5234977586939541	0.3877231466464986
41443	0.3242450135925861	0.5910326462419055	0.08472234016550825
41444	0.050011262922938095	0.3038333654375894	0.6461553716394726
41445	0.12040802009047584	0.5659318528472377	0.3136601270622866
41446	0.6167026367050378	0.2601938672457552	0.12310349604920706
41447	0.0649705821572588	0.5738557440803455	0.36117367376239573
41448	0.27825428391478174	0.5491323250516084	0.1726133910336099
41449	0.035732386841133786	0.7133373716696282	0.25093024148923804
41450	0.08656376807974843	0.7481407233594478	0.1652955085608037
41451	0.595659283927913	0.3004970550573826	0.10384366101470431
41452	0.04185733069648799	0.3747009909501827	0.5834416783533293
41453	0.22290134987928992	0.347914147769651	0.4291845023510591
41454	0.2323877585158989	0.6382346159808642	0.12937762550323695
41455	0.13089559999502842	0.6617007295101391	0.20740367049483244
41456	0.4297027537246036	0.44571686385826137	0.1245803824171349
41457	0.42835297396595706	0.38483131941201	0.18681570662203295
41458	0.02420712226740565	0.38327278806402904	0.5925200896685654
41459	0.37496070764359457	0.5030393589535612	0.12199993340284408
41460	0.5774959975012431	0.32902734826616664	0.09347665423259013
41461	0.6197542114447966	0.28147371841228597	0.09877207014291739
41462	0.1166149971368261	0.6383624306583511	0.24502257220482285
41463	0.35592854930635515	0.37555443315024684	0.26851701754339796
41464	0.4828477237652489	0.4235022473172032	0.0936500289175478
41465	0.223793469077416	0.4890651655568437	0.2871413653657402
41466	0.5140820639877673	0.28224639728842915	0.20367153872380345
41467	0.4195793525422884	0.3994349228382056	0.180985724619506
41468	0.4037272288102949	0.46175111090376963	0.13452166028593548
41469	0.2773721603811303	0.571738117196754	0.1508897224221157
41470	0.1930998665792188	0.6051798368469045	0.2017202965738767
41471	0.6095694901389855	0.3051537941539925	0.08527671570702189
41472	0.23446691076143203	0.5976831577062554	0.16784993153231262
41473	0.22538408237796775	0.5315209713490588	0.24309494627297334
41474	0.11614187589333139	0.6509084414996055	0.23294968260706314
41475	0.20982151582517655	0.582445589120679	0.20773289505414447
41476	0.36030210667113016	0.5622916742305519	0.07740621909831799
41477	0.040276145890447625	0.7856362420003183	0.17408761210923399
41478	0.13036559835859843	0.37690513374219686	0.4927292678992046
41479	0.4235077280729905	0.4913400575353576	0.08515221439165194
41480	0.19208350245842884	0.616071627067273	0.19184487047429818
