10941	0.14755825315146706	0.6926462725079896	0.1597954743405433
10942	0.19464789421055717	0.6976675695608742	0.10768453622856866
10943	0.09915995117703294	0.38347913027439223	0.5173609185485748
10944	0.19226050068167064	0.6634785424310237	0.1442609568873057
10945	0.19118153227282697	0.679728615106026	0.12908985262114714
10946	0.20481858445275336	0.6629056505597151	0.13227576498753166
10947	0.13377295872338943	0.675346316343307	0.19088072493330363
10948	0.2726565009671688	0.5015436618133995	0.22579983721943178
10949	0.28581235114561115	0.6122125341265252	0.10197511472786368
10950	0.36915837998596757	0.5198020874584344	0.11103953255559806
10951	0.12622788445775052	0.7366590558288731	0.1371130597133764
10952	0.17245231778354475	0.5494982845106808	0.2780493977057746
10953	0.24657714084841584	0.6093291013920636	0.14409375775952044
10954	0.054501271415876615	0.4064986600923065	0.539000068491817
10955	0.16578582309834475	0.6081923513070734	0.2260218255945818
10956	0.13597914602816616	0.7595371646796829	0.104483689292151
10957	0.22870439118724065	0.6710915638886013	0.10020404492415803
10958	0.11578429247357377	0.7134289066743774	0.1707868008520488
10959	0.18500470374234512	0.6471164913489897	0.16787880490866508
10960	0.1460230738866327	0.6825479788680447	0.17142894724532262
10961	0.06695293055396495	0.5023164638213974	0.4307306056246375
10962	0.19015423201005677	0.6921922311534604	0.11765353683648283
10963	0.18827465206137425	0.7333811983391524	0.07834414959947324
10964	0.19976479038092007	0.6229409650585078	0.17729424456057208
10965	0.20505484697438697	0.6952816594327421	0.09966349359287101
10966	0.1641454192672637	0.6758541577798653	0.16000042295287098
10967	0.14954692537627462	0.672983098614716	0.17746997600900946
10968	0.14600978019717337	0.709153483312435	0.14483673649039158
10969	0.15863468703729539	0.7137823840838712	0.12758292887883346
10970	0.1469743382663131	0.728895915454465	0.12412974627922206
10971	0.18510168191351462	0.5982113482293426	0.21668696985714284
10972	0.14837071469570667	0.7299338061910113	0.12169547911328207
10973	0.17185232288067456	0.6966809893624819	0.13146668775684356
10974	0.159563234430192	0.712396665071273	0.12804010049853512
10975	0.1618942843142668	0.693881055499987	0.14422466018574617
10976	0.156988758699594	0.5388637405129804	0.30414750078742564
10977	0.24449450466508957	0.6098782072339181	0.1456272881009923
10978	0.14356322997615284	0.7203227998900522	0.13611397013379495
10979	0.15658665959929344	0.5326449789908857	0.31076836140982067
10980	0.04645112545490484	0.4111605049200824	0.5423883696250128
10981	0.14009664401456537	0.6231020693145012	0.2368012866709334
10982	0.18454370767973835	0.7358614476047977	0.07959484471546392
10983	0.18243222988950986	0.7016574594230766	0.11591031068741352
10984	0.13243094400586822	0.7405410896788952	0.12702796631523666
10985	0.16864248767631537	0.732820851900185	0.09853666042349965
10986	0.15077608610622625	0.7340917582562871	0.11513215563748655
10987	0.14940488315890224	0.6345794408861044	0.2160156759549932
10988	0.12675885862393207	0.7745902470898599	0.09865089428620799
10989	0.10399320495968346	0.5589087016771227	0.33709809336319374
10990	0.21448244601356609	0.707333168699909	0.07818438528652494
10991	0.17236526431842944	0.6938068253182191	0.13382791036335143
10992	0.06926585605509832	0.7102185892112256	0.22051555473367612
10993	0.1588456869838031	0.63740806590221	0.20374624711398687
10994	0.22175443831882566	0.6824558220982392	0.09578973958293521
10995	0.04908811124580221	0.4101959148775167	0.5407159738766811
10996	0.30810589575856484	0.5366451511243063	0.15524895311712875
10997	0.24102977451939156	0.5893697780661428	0.16960044741446567
10998	0.1278753485902819	0.5896640804213067	0.2824605709884115
10999	0.1661449740540107	0.6928839676135635	0.14097105833242585
11000	0.2520771277023764	0.5861899389046875	0.1617329333929361
11001	0.16513542079173282	0.7204468985839644	0.11441768062430281
11002	0.18882390781614236	0.717969357124318	0.09320673505953965
11003	0.18573526650312316	0.6801171627925747	0.13414757070430203
11004	0.25805194163901635	0.6195188849817458	0.12242917337923792
11005	0.2610354814272083	0.6146129624802823	0.12435155609250946
11006	0.16653929508673537	0.7704023423742622	0.06305836253900238
11007	0.20656251017438257	0.6824205783588462	0.11101691146677124
11008	0.23954690788142607	0.6435791261879716	0.11687396593060226
11009	0.10634429628342965	0.7209639210879147	0.17269178262865567
11010	0.1917168181710725	0.6865151978355907	0.12176798399333674
11011	0.11956988897146924	0.796956866618922	0.08347324440960883
11012	0.1395547077798823	0.7704195457169629	0.09002574650315477
11013	0.11922511094236508	0.7751582244227839	0.10561666463485096
11014	0.24303283981269863	0.6547420242022762	0.10222513598502524
11015	0.22922994885153494	0.6552857855184383	0.11548426563002684
11016	0.19270758758348683	0.6748509316468367	0.1324414807696765
11017	0.07511737468897406	0.7856244813316697	0.1392581439793562
11018	0.17520481759551934	0.7621614757154045	0.06263370668907621
11019	0.19359697313983382	0.6868944134629426	0.11950861339722363
11020	0.14966869508213518	0.5785472929301183	0.2717840119877465
11021	0.15977854150148885	0.7197095613259571	0.12051189717255417
11022	0.1721430298347772	0.7040480605281274	0.12380890963709541
11023	0.16958452417287875	0.7029324539073015	0.12748302191981972
11024	0.08737737129666334	0.7517170423877251	0.16090558631561164
11025	0.16707275108463934	0.6828622527260176	0.15006499618934294
11026	0.14179722017034824	0.5440509108500737	0.314151868979578
11027	0.20867646306842252	0.6887683636588144	0.102555173272763
11028	0.21508485931820814	0.673972667163602	0.11094247351818975
11029	0.16170789345677564	0.6938951827893793	0.144396923753845
11030	0.20876512271256362	0.6637731929722781	0.12746168431515825
11031	0.11613192256290335	0.7289402690764789	0.15492780836061784
11032	0.06226592537869471	0.8117330152945563	0.12600105932674896
11033	0.20083959914228136	0.627408483802922	0.17175191705479662
11034	0.14169519097757335	0.6331833868523297	0.22512142217009695
11035	0.12613446644407705	0.626730159814917	0.24713537374100597
11036	0.11672219430281129	0.6656173544091794	0.21766045128800943
11037	0.11672219430281129	0.6656173544091794	0.21766045128800943
11038	0.12613446644407705	0.626730159814917	0.24713537374100597
11039	0.16767396127343576	0.7079546380941037	0.12437140063246048
11040	0.4191724282137197	0.4871894064782844	0.09363816530799593
11041	0.18984270324413788	0.6924632825991485	0.11769401415671368
11042	0.20805173095232135	0.7067772885579546	0.08517098048972406
11043	0.1400439843659295	0.7081392167275091	0.15181679890656144
11044	0.12066639476800924	0.6614311381020461	0.21790246712994465
11045	0.18380145377713528	0.695750631021772	0.12044791520109267
11046	0.16436781732146064	0.6957313778024619	0.13990080487607753
11047	0.17038137862240996	0.687488048945259	0.14213057243233104
11048	0.19188719328092957	0.7173162296608835	0.09079657705818694
11049	0.10883679862727645	0.7806461954622513	0.11051700591047216
11050	0.20115161456441655	0.7068198545806996	0.09202853085488384
11051	0.24634891857408764	0.6309008955493675	0.12275018587654492
11052	0.12213646789518103	0.7586852646423305	0.11917826746248836
11053	0.09045155450740355	0.6314573412627864	0.27809110422981004
11054	0.13629109221329225	0.7762910401495647	0.08741786763714308
11055	0.23075787309450768	0.6992015287364846	0.07004059816900773
11056	0.2289930629636447	0.6682389856668925	0.1027679513694627
11057	0.19334254202138026	0.7276909360741993	0.07896652190442041
11058	0.17925543286997347	0.7313241825235357	0.08942038460649088
11059	0.22444422871844733	0.6603561661071983	0.11519960517435444
11060	0.19357761471132925	0.6629853799295592	0.14343700535911164
11061	0.18271365594151154	0.6933141438436604	0.12397220021482795
11062	0.1579251528316763	0.7143044739628118	0.12777037320551188
11063	0.22872556245942197	0.6402248295390377	0.13104960800154034
11064	0.29990888095716894	0.5969103399269573	0.10318077911587387
11065	0.2043483040920784	0.721023793064818	0.0746279028431036
11066	0.290707581672038	0.6436638625195338	0.06562855580842822
11067	0.20293276765541118	0.586271090991438	0.21079614135315083
11068	0.17873967266564816	0.6863297545028415	0.1349305728315104
11069	0.17381260230484163	0.7039938162552692	0.12219358143988907
11070	0.17140514289178	0.6870010217817696	0.14159383532645048
11071	0.05607320949592287	0.4359798020140315	0.5079469884900456
11072	0.182421556172055	0.6672685093931813	0.15030993443476373
11073	0.07520688658708412	0.7466179015700589	0.1781752118428569
11074	0.2479376601207514	0.623152648692611	0.12890969118663761
11075	0.1824209777626893	0.6769567594310972	0.14062226280621345
11076	0.1678899418282889	0.7123136772823563	0.11979638088935485
11077	0.2633259271454882	0.6148111889566138	0.12186288389789796
11078	0.10301385550320581	0.765252356770634	0.1317337877261602
11079	0.20477127176314425	0.6765011111850558	0.11872761705179996
11080	0.24160424356494706	0.6148321905254064	0.14356356590964645
11081	0.05306520986912429	0.505627529398138	0.44130726073273757
11082	0.0803052653931726	0.7892411181123973	0.13045361649443007
11083	0.1950621962380564	0.6761472463983316	0.12879055736361208
11084	0.1817591889957406	0.6926574207592795	0.12558339024497991
11085	0.14509674036610545	0.5219241958504952	0.3329790637833994
11086	0.2186911453880912	0.6656032589795674	0.11570559563234144
11087	0.17229071843692678	0.6981661078382816	0.12954317372479163
11088	0.1294194177172337	0.4965516532346918	0.3740289290480745
11089	0.19787293163209516	0.66238754566919	0.13973952269871487
11090	0.11088760636349158	0.809271684760106	0.07984070887640236
11091	0.1290182407043686	0.7232285182870897	0.14775324100854165
11092	0.12944282042265032	0.6806431575452178	0.1899140220321319
11093	0.23075787309450768	0.6992015287364846	0.07004059816900773
11094	0.1442669368123691	0.6750383832059017	0.1806946799817292
11095	0.15898194209032993	0.6781141078082781	0.16290395010139208
11096	0.18870806349618569	0.6732175274310407	0.1380744090727736
11097	0.062370308220585466	0.46108964401252583	0.47654004776688863
11098	0.18293271048430454	0.6646706819263802	0.15239660758931522
11099	0.10136489081420763	0.8118468510143438	0.08678825817144846
11100	0.1956889932836093	0.6749867744944796	0.12932423222191106
11101	0.12402216696671746	0.6269741650510164	0.24900366798226614
11102	0.19183410952392826	0.6062224675358432	0.20194342294022843
11103	0.15385946567632447	0.7050691146701374	0.14107141965353803
11104	0.18948328871014913	0.661651848805951	0.14886486248389988
11105	0.28578468614617053	0.6165225859531612	0.09769272790066828
11106	0.16159240792053747	0.7444770206818053	0.09393057139765733
11107	0.21211295784662274	0.6252288574659083	0.1626581846874691
11108	0.2552387319179141	0.6135060089187321	0.1312552591633539
11109	0.1399500931821469	0.6846612660170399	0.17538864080081323
11110	0.062130406315551855	0.7497477514928294	0.18812184219161876
11111	0.1733093150593743	0.7408928958075276	0.0857977891330981
11112	0.10020585809289169	0.8019365173903268	0.09785762451678151
11113	0.21776589049566805	0.7016406004161685	0.08059350908816337
11114	0.16075501316933138	0.7139813963515799	0.1252635904790887
11115	0.17209710962593178	0.7338726507413196	0.09403023963274859
11116	0.1867318619773129	0.6652878910285022	0.14798024699418494
11117	0.19455882890666315	0.6694840017039109	0.13595716938942592
11118	0.11540677685493478	0.772304902583854	0.11228832056121132
11119	0.06866470029882704	0.5347959451006947	0.39653935460047823
11120	0.25224088766273095	0.6580940274245597	0.08966508491270939
11121	0.17237455853285963	0.7443881665917415	0.08323727487539899
11122	0.23609197960019807	0.6447942313832157	0.11911378901658622
11123	0.06397505912653785	0.7481943060480045	0.18783063482545767
11124	0.08436434882762099	0.788809188314976	0.12682646285740307
11125	0.16344624679988823	0.6815472457342917	0.1550065074658201
11126	0.20546393250741787	0.6753205575957576	0.11921550989682453
11127	0.05110795091664947	0.5093782581400148	0.43951379094333565
11128	0.07528652400162177	0.6479293100551701	0.2767841659432083
11129	0.1427465829505302	0.7474502328967046	0.10980318415276512
11130	0.15968094852279557	0.6739875500694176	0.16633150140778688
11131	0.17925583460947087	0.6763843741146202	0.14435979127590895
11132	0.18053657944021953	0.6489046056136673	0.1705588149461132
11133	0.15131878440944233	0.6423815733937406	0.2062996421968171
11134	0.21045458473227613	0.6983797078145373	0.0911657074531866
11135	0.18288717010422428	0.6889549469877778	0.12815788290799782
11136	0.06673129634636249	0.39630108524622293	0.5369676184074146
11137	0.26033851049276496	0.6086099961589762	0.13105149334825877
11138	0.0766865262396936	0.7264522410658472	0.19686123269445926
11139	0.055173327300398714	0.8316870991379051	0.11313957356169621
11140	0.06470852555297192	0.7970956879772386	0.13819578646978944
11141	0.018128073501042317	0.8539339989072128	0.12793792759174488
11142	0.19363694290209912	0.6864017619884744	0.1199612951094266
11143	0.25757810571574513	0.6176654154319872	0.1247564788522678
11144	0.23760626863627268	0.6296760637540832	0.13271766760964407
11145	0.12400088675481932	0.7509099858801427	0.12508912736503802
11146	0.1310232852867778	0.740338780855765	0.12863793385745717
11147	0.30672092412404506	0.6129761044575822	0.08030297141837274
11148	0.26530161295798493	0.641439963439135	0.09325842360288004
11149	0.2906793245361482	0.6253148055194968	0.08400586994435492
11150	0.30031680710811787	0.5904741754846515	0.10920901740723064
11151	0.21349230502745883	0.656198637886989	0.13030905708555227
11152	0.1764352082472311	0.7158191771975019	0.10774561455526693
11153	0.05414527722707219	0.5203986946540402	0.42545602811888744
11154	0.16499113363697862	0.7223522671007282	0.1126565992622933
11155	0.061984643456294064	0.4650863847937435	0.47292897174996257
11156	0.040678673173229776	0.39537039039871547	0.5639509364280547
11157	0.15193468010231417	0.698482994840765	0.14958232505692073
11158	0.058255158927777266	0.4428507090750104	0.49889413199721244
11159	0.17444251928748555	0.6498605553302687	0.1756969253822458
11160	0.12925513081608617	0.7366168460219145	0.1341280231619994
11161	0.06469896587063605	0.49081269601562244	0.44448833811374144
11162	0.18619398345425892	0.6858358306005169	0.12797018594522422
11163	0.14377022227261238	0.7200620547216825	0.13616772300570512
11164	0.06601817535766788	0.8048473577662734	0.12913446687605876
11165	0.08279538310665915	0.7681482454384034	0.14905637145493733
11166	0.10525624729736237	0.5092699988988392	0.38547375380379845
11167	0.16601243209320815	0.6841698306071664	0.14981773729962547
11168	0.1515734329150209	0.7288291814179595	0.11959738566701965
11169	0.10598650735609097	0.730114001238523	0.1638994914053861
11170	0.1820422689373805	0.6921853935827174	0.12577233747990207
11171	0.18597816026208652	0.6830942960346894	0.1309275437032241
11172	0.22900335257787466	0.6669679626733351	0.10402868474879015
11173	0.19016354191623025	0.7450030917267789	0.06483336635699083
11174	0.06879390543935059	0.7378078316718084	0.19339826288884102
11175	0.257984797595573	0.6078904614151134	0.13412474098931354
11176	0.07767149441828755	0.7656368123686808	0.15669169321303175
11177	0.22163926456772803	0.6836026191572093	0.09475811627506261
11178	0.14385998447152093	0.7091466091789504	0.14699340634952865
11179	0.18721501743050137	0.7213860252910985	0.09139895727840006
11180	0.18426417546128632	0.6839932336985314	0.13174259084018225
11181	0.22445875605290297	0.6667596044596305	0.1087816394874666
11182	0.20130946330132266	0.6685322315307655	0.1301583051679118
11183	0.09794479442628222	0.4664915557288028	0.4355636498449151
11184	0.15836877269574098	0.6512339329115703	0.19039729439268874
11185	0.18758463988193735	0.68958396989201	0.12283139022605269
11186	0.18848568558725237	0.6876570293981267	0.12385728501462094
11187	0.20080691356912217	0.6455177780097359	0.15367530842114205
11188	0.1873034426772135	0.6626668710901442	0.15002968623264226
11189	0.25990231447532	0.6259034424923526	0.11419424303232736
11190	0.09383349033448171	0.7374408897135926	0.1687256199519257
11191	0.05641594780198921	0.4877443620195317	0.4558396901784792
11192	0.15210159049826164	0.7546176848775085	0.09328072462422989
11193	0.04841509668755449	0.4120288862969167	0.5395560170155288
11194	0.1463245305783963	0.7272894834699065	0.12638598595169728
11195	0.059251329906224434	0.7998046856940259	0.14094398439974973
11196	0.1468509063396428	0.7164955117221947	0.1366535819381625
11197	0.17313083696366136	0.7079628617224202	0.11890630131391851
11198	0.18952403493027353	0.6775016233812856	0.13297434168844083
11199	0.2715615361175051	0.6166878844209348	0.11175057946155995
11200	0.19884086502205886	0.597507274184578	0.20365186079336303
11201	0.16502995816687838	0.6696520873524118	0.16531795448070985
11202	0.1515225030249145	0.7649419923199489	0.08353550465513665
11203	0.0888303965725189	0.7045875876977087	0.20658201572977242
11204	0.19481278005045097	0.6180372470871762	0.1871499728623729
11205	0.21313256232294953	0.6493573658908236	0.1375100717862268
11206	0.22859393108783016	0.6504199662995913	0.12098610261257846
11207	0.23321566344265135	0.6175064715291536	0.14927786502819512
11208	0.15471499624143017	0.6817660073381575	0.16351899642041232
11209	0.18001809667775162	0.6572014527030747	0.16278045061917362
11210	0.06405233981896506	0.8129960174422848	0.12295164273875016
11211	0.03947053112039067	0.81306337829832	0.1474660905812893
11212	0.13951579322193786	0.6472215468594079	0.21326265991865417
11213	0.1646596112119805	0.6670398077103012	0.16830058107771823
11214	0.07723271013515655	0.5341143049817221	0.38865298488312156
11215	0.2066168719420581	0.690537575229545	0.10284555282839693
11216	0.16318836244262214	0.7181645500092319	0.11864708754814599
11217	0.1892165293669979	0.6890998705869479	0.1216836000460542
11218	0.20031436296206123	0.6685459361456395	0.1311397008922992
11219	0.1572318809050522	0.6865658507655134	0.15620226832943443
11220	0.22929559381738018	0.6727338605030972	0.09797054567952254
11221	0.21046359556255895	0.6235861107365714	0.16595029370086967
11222	0.2545779999726456	0.636954542514305	0.10846745751304933
11223	0.08847283549162956	0.7687781363161271	0.14274902819224333
11224	0.10065273528060867	0.7693543974936424	0.12999286722574893
11225	0.21506567995446932	0.6646426942805013	0.12029162576502937
11226	0.2666893406912536	0.6236968603123138	0.10961379899643264
11227	0.045793808507663285	0.5332028998176356	0.42100329167470113
11228	0.2175675925402233	0.6656700799783796	0.11676232748139709
11229	0.12329583154395311	0.5359268633682269	0.3407773050878199
11230	0.19697642683327565	0.6819719282283495	0.12105164493837488
11231	0.1962617852468561	0.5318982362933279	0.2718399784598161
11232	0.13154564599311702	0.7355821130437771	0.13287224096310593
11233	0.1653518464814991	0.7133048524585712	0.12134330105992967
11234	0.1764822323022952	0.6791478450042834	0.1443699226934214
11235	0.30972270227189785	0.5653734744737683	0.12490382325433366
11236	0.09375018450852278	0.7563858609819	0.14986395450957726
11237	0.1637327786933347	0.7061601976217676	0.1301070236848977
11238	0.09900420287226762	0.5426243248280156	0.35837147229971683
11239	0.1549526652169047	0.7137050827896099	0.1313422519934855
11240	0.11192996700249107	0.5489069787387612	0.3391630542587477
11241	0.16301624494121708	0.6592166782674785	0.17776707679130435
11242	0.17031987029618248	0.6494800990379507	0.18020003066586684
11243	0.1729038545627858	0.33675328289594925	0.49034286254126486
11244	0.1890819791425509	0.718950627485983	0.09196739337146599
11245	0.14330956263797068	0.7381612746341262	0.11852916272790306
11246	0.17453990888639523	0.7212666949942017	0.10419339611940306
11247	0.2699040228399683	0.6201541886350724	0.10994178852495924
11248	0.057749248754522114	0.4858206542208784	0.45643009702459947
11249	0.1804259618366584	0.729905591260155	0.08966844690318666
11250	0.17548949860738774	0.51610217482671	0.3084083265659022
11251	0.1921018767920126	0.664295471621297	0.14360265158669053
11252	0.154666434707917	0.7490055746635775	0.09632799062850543
11253	0.18929970521709905	0.694334774139092	0.11636552064380898
11254	0.19149639992552697	0.7285715483742214	0.07993205170025157
11255	0.26372649757937944	0.6293410970676043	0.10693240535301626
11256	0.2885427202845512	0.6260259814810506	0.08543129823439824
11257	0.16559442675540406	0.6605730547351115	0.17383251850948434
11258	0.1771565233982102	0.6458452618865858	0.17699821471520397
11259	0.2128606847260796	0.6742404544978763	0.11289886077604411
11260	0.19927423723207022	0.6937388063156887	0.10698695645224103
11261	0.2292487687063392	0.6580364528478381	0.11271477844582273
11262	0.16553387545409973	0.7335846022003102	0.1008815223455901
11263	0.15700363677955181	0.7437946750414837	0.09920168817896452
11264	0.06266034245492753	0.8202654393893246	0.11707421815574778
11265	0.17978379821142415	0.7009800186609598	0.11923618312761612
11266	0.07835501036015503	0.7637677862016656	0.15787720343817938
11267	0.21097302151965447	0.6460620889137753	0.14296488956657027
11268	0.1970318176818566	0.6634156505477653	0.13955253177037807
11269	0.19789202431784333	0.661937095764917	0.14017087991723964
11270	0.08701056317640153	0.4666761652881262	0.44631327153547223
11271	0.2335986776259828	0.6416518561212787	0.12474946625273844
11272	0.09406157196294515	0.7903022002851582	0.11563622775189658
11273	0.2507021010493819	0.6331721458894952	0.11612575306112287
11274	0.06394403521082526	0.48069750513666976	0.45535845965250493
11275	0.18547023265795576	0.6783224659776378	0.13620730136440645
11276	0.19555303993961443	0.6832135277113016	0.12123343234908388
11277	0.2761655625812205	0.606135622031039	0.11769881538774052
11278	0.1813238642593935	0.676636308561245	0.14203982717936153
11279	0.14720320522150435	0.6872030300608257	0.16559376471766993
11280	0.13747276670656028	0.7098975858073794	0.15262964748606034
11281	0.1668205365112254	0.7277505599185766	0.10542890357019793
11282	0.1656807028694776	0.7253074615243137	0.10901183560620874
11283	0.05101072822646432	0.8365454102750229	0.11244386149851264
11284	0.148865903614518	0.7352199241356782	0.11591417224980383
11285	0.18324018533374065	0.6866591322513665	0.13010068241489278
11286	0.19075530181951317	0.690062930713919	0.11918176746656778
11287	0.1475669338281023	0.6909403354561543	0.1614927307157435
11288	0.18334918581438628	0.6881365075133324	0.12851430667228123
11289	0.17076112849841935	0.6847450176865679	0.14449385381501273
11290	0.050508803804172615	0.5019647383869759	0.4475264578088515
11291	0.20823438848474832	0.6633389117257158	0.12842669978953586
11292	0.2966133727082961	0.597238917686748	0.10614770960495598
11293	0.17336339510181983	0.7252005738942175	0.10143603100396263
11294	0.18430591105320612	0.6610911868453071	0.1546029021014869
11295	0.15692459234284215	0.6961430276624914	0.14693237999466646
11296	0.2622320584569196	0.6618882982341164	0.07587964330896392
11297	0.2591324423086354	0.6303716843004874	0.11049587339087719
11298	0.17892146024765057	0.7047704241816752	0.11630811557067418
11299	0.1810512523964894	0.7390374044119973	0.0799113431915134
11300	0.15493645995951771	0.7163167891262661	0.1287467509142163
11301	0.1871427957159268	0.4681284780762545	0.34472872620781864
11302	0.17663761620968788	0.6956340978013124	0.12772828598899977
11303	0.08557990700829171	0.7812697750649443	0.13315031792676393
11304	0.07162622918779532	0.8089576821913799	0.11941608862082487
11305	0.16322579708575025	0.7281249003368159	0.10864930257743383
11306	0.2068992186086051	0.6595660739700133	0.13353470742138152
11307	0.28161774326121014	0.5884390265541635	0.1299432301846263
11308	0.18207661044404244	0.6828546003153716	0.135068789240586
11309	0.2128501714550702	0.6448959095281865	0.1422539190167433
11310	0.05804010768643583	0.547471170476034	0.39448872183753025
11311	0.16567568805366123	0.7361768199639721	0.09814749198236658
11312	0.25993788384362687	0.5977228244030766	0.14233929175329665
11313	0.1436003367347058	0.6866674572847645	0.16973220598052968
11314	0.17488254524109503	0.7573249353113393	0.06779251944756569
11315	0.23329272935182668	0.6711478290447817	0.09555944160339169
11316	0.2500871039566615	0.636108894485464	0.11380400155787444
11317	0.1426830555266769	0.7635273495580766	0.09378959491524654
11318	0.3668637170027811	0.5104767362403002	0.12265954675691873
11319	0.2713526647674246	0.5806494522885682	0.14799788294400718
11320	0.16531303970387112	0.6857544863745388	0.14893247392159006
11321	0.16319212703832153	0.6939830835407217	0.14282478942095683
11322	0.20772910750153026	0.713690640305547	0.0785802521929228
11323	0.20551913927533536	0.6799299585462213	0.11455090217844334
11324	0.17935193760264814	0.6927902477440853	0.12785781465326668
11325	0.29745551046082563	0.5985415175928863	0.10400297194628813
11326	0.2935850607072573	0.624605458438488	0.08180948085425471
11327	0.1698087996287372	0.6900733004573415	0.14011789991392126
11328	0.16847415579649427	0.7355415981625572	0.09598424604094863
11329	0.08811592172789116	0.5073421409649075	0.4045419373072014
11330	0.14249120946442367	0.6924974989651427	0.16501129157043368
11331	0.16757840244219016	0.7055177154543973	0.12690388210341258
11332	0.20219571182582785	0.6864638764311283	0.11134041174304393
11333	0.16513542079173282	0.7204468985839644	0.11441768062430281
11334	0.10514502445454918	0.7730936991014763	0.12176127644397454
11335	0.10146134713629285	0.7075175224678675	0.19102113039583968
11336	0.18816059542291513	0.589195541781288	0.222643862795797
11337	0.2017464708701671	0.7104269053077972	0.08782662382203568
11338	0.43478599771515347	0.4841934255628607	0.08102057672198595
11339	0.1530406724842032	0.7228960171895303	0.12406331032626657
11340	0.20503612647231734	0.6998212088696565	0.09514266465802618
11341	0.18934121551543912	0.6914277223228671	0.11923106216169378
11342	0.23094734911779866	0.6393506981863346	0.12970195269586673
11343	0.27649337629919085	0.6040057472317272	0.11950087646908203
11344	0.09140937118671784	0.7613925246017037	0.1471981042115785
11345	0.18573526650312316	0.6801171627925747	0.13414757070430203
11346	0.2604436728875596	0.6299287660227207	0.10962756108971965
11347	0.1997056141996413	0.6891009683605065	0.11119341743985224
11348	0.14269833961021666	0.7468317012971055	0.1104699590926778
11349	0.1558193220628096	0.6965304908505401	0.14765018708665031
11350	0.3467128594361069	0.5424589016645446	0.11082823889934852
11351	0.0706760364333448	0.7754292255844053	0.15389473798224992
11352	0.1427652480432876	0.571693623215418	0.2855411287412945
11353	0.14698671501812746	0.7007895332066835	0.1522237517751891
11354	0.17088006493988145	0.6989442588699576	0.130175676190161
11355	0.1554950190562937	0.657636413539132	0.18686856740457422
11356	0.16740538064592214	0.6412801531998694	0.19131446615420847
11357	0.15618569916886757	0.7199533771562491	0.1238609236748833
11358	0.15459171267375726	0.538787928817559	0.30662035850868374
11359	0.07463558006488773	0.7629480010455805	0.16241641888953187
11360	0.12067441317181393	0.5146734991116447	0.3646520877165414
11361	0.19673453292993487	0.6747712102440196	0.1284942568260455
11362	0.1594705061534538	0.7377941817567958	0.10273531208975033
11363	0.12259085910608877	0.6922359933607639	0.1851731475331473
11364	0.11200275108908715	0.44918701441055076	0.43881023450036205
11365	0.16000379012382385	0.7447650374874628	0.09523117238871345
11366	0.2529038943644901	0.6240658165276091	0.12303028910790076
11367	0.24385443783384947	0.6765862256927229	0.07955933647342765
11368	0.11009871448511728	0.6042695141403948	0.285631771374488
11369	0.04517716455010907	0.828015366597559	0.12680746885233196
11370	0.13154564599311702	0.7355821130437771	0.13287224096310593
11371	0.12430751434848161	0.7491637442980063	0.12652874135351214
11372	0.13641724108066883	0.7926501176013668	0.07093264131796444
11373	0.12884960097885642	0.7861680414936794	0.08498235752746428
11374	0.19261277145681052	0.5757665342359339	0.23162069430725557
11375	0.14358947985475098	0.6864047506167993	0.1700057695284498
11376	0.09988130032573025	0.5018247744131926	0.3982939252610772
11377	0.09001645502633945	0.7545080520882087	0.15547549288545193
11378	0.1972708394889846	0.662796221074177	0.13993293943683838
11379	0.13877092371766833	0.5107847172540765	0.35044435902825516
11380	0.2231569690487234	0.706686505796187	0.07015652515508959
11381	0.07609913855788332	0.8011668756724262	0.12273398576969045
11382	0.17170876394571752	0.7170320129014788	0.11125922315280376
11383	0.10150761169984722	0.7933752376200156	0.10511715068013718
11384	0.14311670815438424	0.6789555144234217	0.17792777742219404
11385	0.2304854199369278	0.6355422784550646	0.13397230160800758
11386	0.16847165199566974	0.7056364061725104	0.1258919418318198
11387	0.22937002165501444	0.570314707416212	0.20031527092877355
11388	0.19100623676872422	0.6794822762533991	0.12951148697787668
11389	0.1939188918758974	0.7163651411017277	0.089715967022375
11390	0.16291706118178337	0.7068556886038562	0.13022725021436043
11391	0.06734276189258616	0.7388233266064891	0.19383391150092477
11392	0.026921651129510418	0.7729009024298561	0.20017744644063346
11393	0.1620080872859017	0.5895919930123539	0.24839991970174444
11394	0.17201627249478188	0.7133060949522986	0.11467763255291957
11395	0.15688797800504234	0.7166667637066052	0.12644525828835249
11396	0.23205640330580377	0.6518514398535229	0.11609215684067335
11397	0.15822157306402196	0.6869053042406421	0.15487312269533585
11398	0.2262272509667021	0.6498817152546135	0.12389103377868446
11399	0.09317749449963239	0.7845419156891623	0.1222805898112053
11400	0.11254218767723789	0.7601535683240915	0.12730424399867052
11401	0.1873703942318718	0.6627080771260366	0.1499215286420916
11402	0.12034738167000193	0.49287059725191007	0.3867820210780879
11403	0.12067441317181393	0.5146734991116447	0.3646520877165414
11404	0.11443630697527789	0.7149767236025455	0.1705869694221766
11405	0.2229421944182979	0.6236797195172427	0.15337808606445943
11406	0.18942130809922716	0.6788670514721026	0.1317116404286703
11407	0.2690314445706548	0.6051978409977995	0.12577071443154575
11408	0.18692241192444117	0.6642770686316045	0.1488005194439543
11409	0.1658964083593165	0.6374050268716518	0.19669856476903175
11410	0.16354198953601587	0.6199946121314511	0.21646339833253292
11411	0.36356722016305704	0.548131868887313	0.08830091094963001
11412	0.2718824899863621	0.6206569215044183	0.10746058850921965
11413	0.3036572461378395	0.5473785513240519	0.1489642025381087
11414	0.14015744143339776	0.7559239028519588	0.10391865571464352
11415	0.17245231778354475	0.5494982845106808	0.2780493977057746
11416	0.21418278318162465	0.6531055096443673	0.13271170717400801
11417	0.1529819073531521	0.4754736733541399	0.37154441929270793
11418	0.17790537849150756	0.7051422672269573	0.11695235428153529
11419	0.16742493795921656	0.7055839166975872	0.12699114534319617
11420	0.1359666835035964	0.7426460103054634	0.12138730619094018
11421	0.1093730572462809	0.5242268199169263	0.36640012283679263
11422	0.16677051332130063	0.7221204884055284	0.11110899827317093
11423	0.2605277959947969	0.6016417324715276	0.1378304715336755
11424	0.27087606711128637	0.6020410527104646	0.12708288017824892
11425	0.17997904594116448	0.6814624391254734	0.13855851493336205
11426	0.21790609548904794	0.6477111592318264	0.13438274527912566
11427	0.16551319712192983	0.7007673668447155	0.13371943603335468
11428	0.26042818217208596	0.648839861786758	0.09073195604115594
11429	0.09071635880881312	0.40656131170988546	0.5027223294813014
11430	0.18334918581438628	0.6881365075133324	0.12851430667228123
11431	0.08380877940015706	0.7208710586697562	0.19532016193008672
11432	0.18575897471827418	0.6369075966379614	0.1773334286437645
11433	0.33125702269447904	0.5767198940625391	0.09202308324298185
11434	0.16908040455343493	0.7109487946707701	0.11997080077579501
11435	0.1636934027358749	0.7118429991826439	0.12446359808148119
11436	0.15836877269574098	0.6512339329115703	0.19039729439268874
11437	0.05146673542347643	0.43675642961601047	0.5117768349605131
11438	0.14003716364760097	0.6977578946413043	0.16220494171109465
11439	0.12562402659598068	0.34751697528186043	0.5268589981221589
11440	0.20040448691510065	0.5046864852413744	0.29490902784352513
11441	0.11843031970793885	0.5494621001482911	0.33210758014377006
11442	0.17948801986031762	0.7071229154633722	0.11338906467631014
11443	0.15895926224542295	0.7154639632902997	0.12557677446427729
11444	0.17767696763817134	0.6928802098790926	0.12944282248273598
11445	0.12067441317181393	0.5146734991116447	0.3646520877165414
11446	0.16398955166042875	0.7469123537481946	0.08909809459137666
11447	0.17748920574739355	0.7302439636649376	0.09226683058766882
11448	0.18804957415010704	0.6824796376797537	0.1294707881701392
11449	0.08732025849174935	0.4672258618926831	0.4454538796155675
11450	0.23410400022364727	0.6417401199291201	0.12415587984723268
11451	0.10151953908672559	0.7836598422649681	0.11482061864830627
11452	0.17791315173370995	0.6989673920366347	0.1231194562296554
11453	0.31541499593799444	0.5576444589521556	0.12694054510984992
11454	0.11529006982204293	0.7559559545639001	0.12875397561405702
11455	0.13008467871180035	0.6674014051367905	0.20251391615140907
11456	0.0798875220676838	0.7926528854020646	0.12745959253025163
11457	0.1033166480756188	0.44952730419442904	0.4471560477299522
11458	0.03943684213121791	0.69165763367136	0.26890552419742203
11459	0.14900273276693526	0.6681380501519832	0.18285921708108155
11460	0.145427710454256	0.6495861815399954	0.2049861080057487
11461	0.17021281754284973	0.709410780713823	0.1203764017433272
11462	0.2506021587110778	0.6135187409498267	0.13587910033909545
11463	0.1316903673891987	0.7252593472254766	0.1430502853853247
11464	0.1578522571702408	0.6723510535121696	0.16979668931758962
11465	0.11087412924570543	0.7295937830256678	0.15953208772862681
11466	0.17783137632235263	0.6880884177337995	0.13408020594384784
11467	0.2311559449253236	0.6724726613446013	0.09637139373007512
11468	0.19087773302440816	0.691591224364755	0.11753104261083701
11469	0.24003718162729434	0.661382528585325	0.09858028978738076
11470	0.20005876254065022	0.6439845017849801	0.15595673567436963
11471	0.18573526650312316	0.6801171627925747	0.13414757070430203
11472	0.3147838210411257	0.5613604725692086	0.12385570638966574
11473	0.29427779257164893	0.5995413707911986	0.10618083663715248
11474	0.16756535511453904	0.7066361474776052	0.12579849740785576
11475	0.14528285935208246	0.7406137485692841	0.11410339207863342
11476	0.24000233688859793	0.6457454208702299	0.1142522422411722
11477	0.12541890302201605	0.675613207558386	0.19896788941959792
11478	0.1253004552272581	0.788510284679812	0.08618926009292989
11479	0.06322895684420447	0.8300308231283924	0.1067402200274032
11480	0.18111025781342668	0.7102337434099418	0.10865599877663151
11481	0.19037636974306976	0.7208695923267234	0.08875403793020688
11482	0.18759889103612834	0.68413813857991	0.12826297038396167
11483	0.1899555056597439	0.6526109775918635	0.15743351674839262
11484	0.11088830909122206	0.7874640486551907	0.10164764225358724
11485	0.18333864915829634	0.6897478018441676	0.126913548997536
11486	0.09108391028929498	0.7923323372197845	0.1165837524909205
11487	0.1850375404265568	0.622909982071943	0.19205247750150015
11488	0.17197636013271203	0.661179616829033	0.16684402303825505
11489	0.1952876603888007	0.6874387753716994	0.11727356423949997
11490	0.15289713992928364	0.6589448024538495	0.1881580576168669
11491	0.17229163922319782	0.6632929048630882	0.16441545591371393
11492	0.11463863518738844	0.78383167331019	0.10152969150242161
11493	0.17998190230196312	0.6878722278546686	0.13214586984336832
11494	0.17035767900289786	0.6813890516508523	0.14825326934624986
11495	0.19358404997980977	0.6721854724549058	0.13423047756528453
11496	0.12020548370760102	0.6588331882213123	0.22096132807108662
11497	0.1773218199158017	0.7336410939386051	0.08903708614559329
11498	0.04907493826545495	0.5607108253174751	0.3902142364170699
11499	0.11384723077212712	0.50773615883275	0.37841661039512287
11500	0.15844846928452375	0.6967106246454948	0.14484090606998137
11501	0.16791969076001564	0.7184802056845916	0.11360010355539271
11502	0.1497929459750873	0.7181334134841452	0.13207364054076753
11503	0.05731378943479525	0.4413610730117818	0.5013251375534229
11504	0.24676636767583593	0.6473425424945711	0.10589108982959289
11505	0.18273770944560772	0.6815430801636836	0.1357192103907087
11506	0.2536927464832298	0.653925413856355	0.09238183966041513
11507	0.14266469888522734	0.7129564171630137	0.14437888395175888
11508	0.08604876284607729	0.7510280641024638	0.16292317305145895
11509	0.3058104320964218	0.5322957690451795	0.16189379885839877
11510	0.3761494482991088	0.47713166198271256	0.1467188897181786
11511	0.07960470732388783	0.7396624540492429	0.1807328386268692
11512	0.2216255091150415	0.6001094809504247	0.17826500993453387
11513	0.22640047835153165	0.6619311338297943	0.11166838781867403
11514	0.1446767143800692	0.5616586327266464	0.2936646528932843
11515	0.2826095611543542	0.5850183838621249	0.132372054983521
11516	0.18209034428701865	0.6708587359745457	0.14705091973843565
11517	0.1548084725851644	0.7223830971611505	0.12280843025368522
11518	0.09946159570246892	0.6418117599162283	0.25872664438130283
11519	0.11864059801062543	0.6938104550039496	0.18754894698542499
11520	0.19236659351972105	0.6863913660394624	0.12124204044081656
11521	0.23160887192389457	0.6506681416399116	0.11772298643619376
11522	0.1535574779953986	0.7498888545616959	0.09655366744290558
11523	0.185885347277363	0.6657814655207509	0.14833318720188607
11524	0.13854241347984114	0.7364913447263424	0.12496624179381645
11525	0.21714526107340118	0.6432654181291372	0.1395893207974616
11526	0.20143464182331952	0.5129726459937096	0.28559271218297083
11527	0.1355074964091164	0.5020300090170372	0.3624624945738465
11528	0.2056968508056829	0.6622428393711753	0.1320603098231418
11529	0.2102669126373203	0.5672469517767004	0.22248613558597918
11530	0.059968896662522406	0.4541672965158508	0.48586380682162683
11531	0.22514024839628932	0.6563157954530194	0.11854395615069124
11532	0.15200686449198528	0.733551570374701	0.11444156513331373
11533	0.24263937194646404	0.6104178700202187	0.14694275803331724
11534	0.2392297526249149	0.643730646782951	0.11703960059213413
11535	0.2180354103546473	0.641741293291643	0.14022329635370967
11536	0.16988486213299722	0.7043653751587082	0.1257497627082945
11537	0.08942589191610215	0.7770349105274701	0.13353919755642776
11538	0.08887333354053385	0.7751529960092894	0.13597367045017678
11539	0.18138022942658363	0.694702666217818	0.12391710435559837
11540	0.20889422554536013	0.6580277475091452	0.13307802694549475
11541	0.2503267204204044	0.6344049959518948	0.11526828362770078
11542	0.11241426556178888	0.7178750742195334	0.16971066021867776
11543	0.1380039700169667	0.7228822836963403	0.13911374628669293
11544	0.21694333241096794	0.6558480458869343	0.12720862170209768
11545	0.16774743941435952	0.7302454864908844	0.10200707409475611
11546	0.18875734339806308	0.6776630703352725	0.13357958626666439
11547	0.1784996740830131	0.7306198681541549	0.09088045776283205
11548	0.08552339685653396	0.7060801244223852	0.20839647872108083
11549	0.10391053012830058	0.5136905692746271	0.38239890059707227
11550	0.1638671239298019	0.6882421856852685	0.14789069038492958
11551	0.18857365181582103	0.6736844077485568	0.1377419404356222
11552	0.08443659245252338	0.8540423381802743	0.06152106936720232
11553	0.2106692300652742	0.6774590652811029	0.11187170465362291
11554	0.1222247215099467	0.5212855272634014	0.356489751226652
11555	0.19795413660352829	0.6006926142021582	0.20135324919431347
11556	0.16006081051480583	0.6575334974928497	0.18240569199234435
11557	0.16588387837037127	0.6789702725851086	0.1551458490445202
11558	0.11312099671809527	0.584415785569477	0.3024632177124277
11559	0.04341035363447558	0.7374368329022088	0.2191528134633155
11560	0.20479059049270032	0.6943154882532145	0.1008939212540852
11561	0.17901124050388054	0.6842247961971207	0.13676396329899876
