21257	0.18216911334450592	0.6330806244881897	0.18475026216730445
21258	0.06989982089306213	0.7703039573140688	0.1597962217928692
21259	0.23069864808083032	0.4928983400151504	0.2764030119040192
21260	0.06474874576443317	0.7976805488810343	0.13757070535453242
21261	0.23021901305905165	0.3917936511673169	0.3779873357736316
21262	0.2917162689868945	0.45594417754189376	0.25233955347121173
21263	0.06627988036172713	0.4733258795292017	0.4603942401090712
21264	0.2532615010480572	0.5131591712954295	0.23357932765651318
21265	0.30546670007520216	0.5612240720759559	0.133309227848842
21266	0.14828722708646624	0.3654243962162496	0.4862883766972842
21267	0.02583236119643173	0.3309494607389892	0.643218178064579
21268	0.11835844778665014	0.6081474078789647	0.2734941443343851
21269	0.39401508605361796	0.46138138848187543	0.14460352546450672
21270	0.03881833323555729	0.6961346744371867	0.265046992327256
21271	0.19389889497202253	0.5497102242032931	0.25639088082468436
21272	0.07709059740997178	0.6560933976505109	0.26681600493951735
21273	0.1931990241935064	0.7034984879408194	0.10330248786567425
21274	0.4128820752002941	0.40050639103885155	0.18661153376085432
21275	0.37171737977120467	0.5659593843833874	0.0623232358454078
21276	0.2899258258868982	0.6549669069326183	0.05510726718048358
21277	0.1960786304861205	0.6897474269451076	0.11417394256877189
21278	0.3608260800536586	0.4813303874417969	0.1578435325045445
21279	0.38399866610789823	0.48076951123533285	0.13523182265676878
21280	0.08812373009601127	0.653644967648647	0.25823130225534174
21281	0.3377848456297893	0.5217078339212268	0.14050732044898395
21282	0.06896083326630746	0.4715103926961104	0.4595287740375822
21283	0.330303457571028	0.538427563247605	0.13126897918136707
21284	0.08498585439288207	0.6256396830176671	0.2893744625894507
21285	0.1969824443714391	0.6734297240794735	0.12958783154908737
21286	0.11475350889792557	0.754109563999174	0.1311369271029006
21287	0.3283695310692827	0.5398075340302849	0.13182293490043237
21288	0.21807400184404271	0.5796920079813601	0.20223399017459717
21289	0.29756502462207185	0.5548797957082884	0.14755517966963982
21290	0.08534775112129726	0.7053185397852811	0.20933370909342167
21291	0.30257943227931305	0.5830301870772588	0.1143903806434281
21292	0.2420324150444294	0.4903795127106676	0.26758807224490305
21293	0.29661856045214924	0.5452268450369271	0.1581545945109237
21294	0.04291346644289048	0.3415144461279148	0.6155720874291947
21295	0.16052338425083895	0.3797271075639789	0.459749508185182
21296	0.20922709949185508	0.4911721762314261	0.2996007242767187
21297	0.13091632945387266	0.589907572392815	0.27917609815331235
21298	0.07006408252378996	0.8092825507576514	0.12065336671855859
21299	0.28197814814206085	0.590312093200848	0.12770975865709125
21300	0.19885082736343745	0.6281518893074395	0.17299728332912306
21301	0.2235026373174191	0.5201765292622129	0.256320833420368
21302	0.10560184152278669	0.7456842824774099	0.1487138759998034
21303	0.16047817743123463	0.719668801218306	0.11985302135045925
21304	0.2994300270338659	0.5040402914347026	0.19652968153143155
21305	0.24780192713634164	0.5227292824356574	0.229468790428001
21306	0.04927219150493002	0.661542408481215	0.289185400013855
21307	0.1999871999600949	0.6045428589681718	0.19546994107173327
21308	0.08677335736727046	0.6672617886825596	0.24596485395016993
21309	0.17779504524355613	0.615014703277958	0.20719025147848583
21310	0.06452831242412817	0.48626017101463537	0.4492115165612366
21311	0.3314052012623622	0.5645602799052818	0.10403451883235595
21312	0.03945583353711137	0.43550023726847753	0.525043929194411
21313	0.06136142351682217	0.803209791709118	0.13542878477405992
21314	0.21545754701922348	0.6756902018643856	0.10885225111639084
21315	0.29677283533352794	0.5116537275812125	0.19157343708525942
21316	0.1613474607695996	0.3825994506370795	0.4560530885933208
21317	0.33000177860593793	0.5220982016378698	0.14790001975619224
21318	0.12061552626303794	0.7616622217253205	0.11772225201164158
21319	0.23384191642209604	0.58806778223927	0.17809030133863388
21320	0.22691033404730304	0.49277326734030213	0.2803163986123949
21321	0.19379562279239446	0.43772539348295747	0.3684789837246479
21322	0.37277007506150117	0.49556592957872225	0.13166399535977655
21323	0.0861283364315271	0.759752304490452	0.15411935907802096
21324	0.254689309729117	0.4675503113067404	0.27776037896414263
21325	0.20753667189256947	0.6545547579298996	0.13790857017753086
21326	0.09793454318416044	0.7493108565546024	0.1527546002612372
21327	0.29585356211839603	0.5479124613599846	0.1562339765216193
21328	0.16992470535055743	0.5497818188527801	0.2802934757966625
21329	0.02096335552802598	0.6375486897912396	0.3414879546807345
21330	0.15901900256494486	0.39536970954721273	0.44561128788784243
21331	0.12176633947858463	0.48077330931547185	0.3974603512059435
21332	0.2549876322944666	0.5448180419850164	0.2001943257205171
21333	0.20383434075156165	0.580677276819278	0.2154883824291603
21334	0.2527655646192184	0.5122873611635087	0.234947074217273
21335	0.3051059287547042	0.5607533187666393	0.1341407524786566
21336	0.009838411301326748	0.7499119374578133	0.24024965124086012
21337	0.4599342958035802	0.4484355281214088	0.09163017607501098
21338	0.21568119620452147	0.5182323063419304	0.2660864974535481
21339	0.08530841673316351	0.42786699073491	0.48682459253192656
21340	0.21146590896311168	0.5493934483393964	0.239140642697492
21341	0.2505906435211447	0.5037280808369462	0.2456812756419091
21342	0.2142896493967306	0.4559189603991372	0.32979139020413223
21343	0.2002791752673704	0.43961915838235205	0.3601016663502776
21344	0.29809729403822743	0.5755343224217389	0.1263683835400338
21345	0.26164910795878665	0.5975678302463051	0.14078306179490832
21346	0.14269696634594534	0.694304891151064	0.16299814250299074
21347	0.051334946347808386	0.6255159441225517	0.3231491095296399
21348	0.33977268575864444	0.536444352727874	0.12378296151348145
21349	0.11356738941487249	0.7333833665130485	0.15304924407207904
21350	0.32717846189346406	0.5199202081464529	0.152901329960083
21351	0.07543910605365875	0.7186734822539768	0.20588741169236446
21352	0.3014991598572477	0.5892957427038785	0.10920509743887379
21353	0.3630947902443274	0.526247057914746	0.1106581518409266
21354	0.1654725744093772	0.64652955301261	0.18799787257801276
21355	0.060958608721397925	0.7744070529477557	0.16463433833084642
21356	0.08566147763590054	0.7676935117841587	0.1466450105799408
21357	0.24536826496859193	0.5968116241934326	0.1578201108379755
21358	0.3039898848038858	0.5494747056269568	0.14653540956915745
21359	0.3039898848038858	0.5494747056269568	0.14653540956915745
21360	0.21365387586951903	0.6482170761966627	0.1381290479338183
21361	0.22829938778606923	0.6026513336833796	0.16904927853055113
21362	0.04720980497131584	0.40819639102977795	0.5445938039989062
21363	0.27743898034832576	0.5400396526242389	0.18252136702743538
21364	0.6172142991985317	0.3377765030292842	0.0450091977721841
21365	0.28652815783899144	0.6247726604555616	0.08869918170544705
21366	0.06727995468392879	0.8309981879257766	0.10172185739029461
21367	0.13034454115811697	0.7069833062629144	0.1626721525789686
21368	0.29397416881426486	0.5470430072138028	0.15898282397193234
21369	0.19288205845819925	0.5761202254274629	0.2309977161143379
21370	0.17357932496308107	0.628074112964818	0.19834656207210086
21371	0.18907828196379814	0.5963591857854342	0.2145625322507677
21372	0.08026961453223119	0.7937635665972196	0.12596681887054922
21373	0.30480158990944045	0.5649516982114273	0.1302467118791323
21374	0.07872813147992024	0.7851280280021509	0.13614384051792894
21375	0.30374784941516564	0.5545946419811897	0.14165750860364473
21376	0.412826957027727	0.4489356204543368	0.13823742251793625
21377	0.3195859429318407	0.5135423772790838	0.16687167978907544
21378	0.08987968485580267	0.7646361154818299	0.14548419966236759
21379	0.27931992514447684	0.5702370722604486	0.15044300259507445
21380	0.5048717168861045	0.39232689129643983	0.10280139181745565
21381	0.5783330034503885	0.3572336192702635	0.06443337727934799
21382	0.06850661417012571	0.683161118506455	0.24833226732341931
21383	0.28101368620800415	0.5812509202079066	0.13773539358408932
21384	0.06896169333146544	0.544855908984395	0.3861823976841396
21385	0.20338556480995132	0.43770073535202175	0.358913699838027
21386	0.2146857602520551	0.45481781682809186	0.33049642291985304
21387	0.2478818735744585	0.5955762535256236	0.15654187289991794
21388	0.07261777536432384	0.7076521687634285	0.21973005587224764
21389	0.2949112231104781	0.5862814771820111	0.11880729970751082
21390	0.07148649307758743	0.6813598254934483	0.24715368142896424
21391	0.301700903570636	0.6262688428195838	0.07203025360978019
21392	0.2018272673746057	0.5714327185580099	0.22674001406738428
21393	0.07007892838314622	0.6840603452013757	0.24586072641547796
21394	0.16175783981626063	0.7600638589683693	0.07817830121537009
21395	0.32911825054596405	0.44445450807249337	0.22642724138154266
21396	0.31786072903007523	0.5403358610394713	0.1418034099304535
21397	0.37361354164011207	0.5109532057779868	0.11543325258190124
21398	0.3262487664388021	0.5539882175366572	0.11976301602454074
21399	0.23682369870757022	0.605275634241089	0.15790066705134073
21400	0.19190369580803934	0.6775987731683878	0.13049753102357295
21401	0.19641641644963936	0.6014914090825847	0.20209217446777597
21402	0.19245968433173666	0.6615726897306886	0.14596762593757473
21403	0.1374626965364251	0.4541420919620844	0.4083952115014906
21404	0.19698340777993206	0.6148881923723778	0.1881283998476902
21405	0.1193515075535573	0.551499228347605	0.32914926409883766
21406	0.28965775260430043	0.5324996001670267	0.17784264722867282
21407	0.05139589063383739	0.5039374436842816	0.444666665681881
21408	0.28092360717778053	0.6108203166421313	0.10825607618008819
21409	0.2941791507815471	0.5862659928556874	0.1195548563627656
21410	0.2941791507815471	0.5862659928556874	0.1195548563627656
21411	0.1681674388034255	0.7429026306451045	0.08892993055147007
21412	0.2053540531037217	0.7024300522887652	0.09221589460751307
21413	0.2672006354130324	0.6150260872605456	0.11777327732642194
21414	0.09833272771954403	0.42975739827780857	0.47190987400264744
21415	0.22682819401944584	0.6062960576762318	0.16687574830432225
21416	0.2819057964500348	0.5590347532701752	0.15905945027979
21417	0.42159954095274277	0.4963099349112275	0.08209052413602966
21418	0.3642270807324864	0.5223225923441294	0.11345032692338423
21419	0.29545151801607517	0.5393985184002372	0.16514996358368758
21420	0.09941308038537978	0.7784846658354468	0.12210225377917337
21421	0.25404673480279	0.6017329733926734	0.1442202918045366
21422	0.18122201775802402	0.6688201631407591	0.1499578191012168
21423	0.06363543260056227	0.8561855759220419	0.08017899147739586
21424	0.254309849316052	0.6596488724702763	0.08604127821367183
21425	0.21349294751871342	0.6745561060560045	0.11195094642528212
21426	0.20794420519684603	0.5882690609542643	0.20378673384888962
21427	0.09138605792874903	0.7414697554190468	0.16714418665220418
21428	0.3718890294385459	0.48819936871313907	0.13991160184831505
21429	0.07572286304660726	0.7409443864883364	0.18333275046505643
21430	0.1241154783668287	0.48545456139481064	0.3904299602383606
21431	0.05429990936017298	0.4759351607815227	0.4697649298583045
21432	0.2958470470189951	0.5021842593052275	0.20196869367577747
21433	0.27096684496827955	0.5839220968990004	0.1451110581327199
21434	0.13705064690201096	0.386137904703822	0.4768114483941669
21435	0.20201821618508445	0.5127265481573549	0.28525523565756067
21436	0.2530872032694351	0.5749419377438151	0.17197085898674985
21437	0.2466216817538211	0.5969873549661835	0.15639096327999535
21438	0.297610266199398	0.5394001222285273	0.16298961157207473
21439	0.15813542544290482	0.6174477064884574	0.22441686806863786
21440	0.22330410189887898	0.670768844067852	0.10592705403326896
21441	0.10031082430358791	0.6577310743106667	0.24195810138574542
21442	0.16769041859757036	0.6527759829973684	0.1795335984050613
21443	0.10830642838746392	0.43014491212145173	0.46154865949108437
21444	0.5309794668789705	0.40882373571914626	0.06019679740188329
21445	0.100825770841099	0.6659296803005825	0.2332445488583184
21446	0.26818311458259336	0.574510043238623	0.15730684217878357
21447	0.3078185446984147	0.503303135629567	0.18887831967201832
21448	0.07560620029249439	0.6060047231105548	0.3183890765969507
21449	0.06870781284573485	0.7736392988391182	0.15765288831514693
21450	0.29395887781630875	0.5670734144706872	0.13896770771300415
21451	0.06832937916326193	0.4103658823946702	0.5213047384420678
21452	0.3108950103669967	0.5523746456534684	0.1367303439795349
21453	0.30330396740004806	0.5579419479670121	0.13875408463293978
21454	0.08576096869506554	0.777645324185562	0.13659370711937244
21455	0.27081368523077465	0.5869703679674836	0.14221594680174177
21456	0.1978528926825228	0.605100240020193	0.19704686729728418
21457	0.19372852688616277	0.7179414400089993	0.08833003310483795
21458	0.06864548022313391	0.5089247259609102	0.4224297938159558
21459	0.10553745953191881	0.7667591043317655	0.12770343613631563
21460	0.3101198089846681	0.560343937045705	0.1295362539696269
21461	0.18193944436044218	0.6005783941691208	0.217482161470437
21462	0.48372674129655385	0.4361100967055808	0.08016316199786534
21463	0.2098585912314945	0.6016158642194314	0.18852554454907405
21464	0.07641112221658454	0.4553486559624133	0.4682402218210022
21465	0.3505344545619189	0.5161797057471119	0.13328583969096924
21466	0.2610098005578879	0.4958280037662175	0.24316219567589453
21467	0.03159032186319618	0.5259273766942414	0.44248230144256234
21468	0.2041262688887313	0.6780488799149577	0.11782485119631096
21469	0.0674717536703482	0.841348559219207	0.09117968711044477
21470	0.3749485171644732	0.5083394562145003	0.11671202662102668
21471	0.27058724242692056	0.5678456271633794	0.16156713040970008
21472	0.21008805255578164	0.676945204414778	0.1129667430294403
21473	0.035007587601534905	0.4174639635813515	0.5475284488171137
21474	0.21369662671653059	0.5552178359649904	0.23108553731847906
21475	0.24758646928618944	0.5396084014340161	0.2128051292797945
21476	0.2912610739191799	0.49247315424528243	0.2162657718355376
21477	0.04943907691605377	0.504131613992168	0.4464293090917782
21478	0.28946959803478506	0.6548845124417354	0.05564588952347954
21479	0.040570606527373036	0.5309605272734446	0.42846886619918245
21480	0.22724058665158173	0.6454257856562718	0.12733362769214648
21481	0.28151794200870145	0.5784110103814253	0.1400710476098732
21482	0.31984123143221294	0.5541447882080085	0.1260139803597785
21483	0.2569064030262998	0.5139892105293868	0.22910438644431336
21484	0.059607737487019016	0.820315926375356	0.12007633613762494
21485	0.2453171362347675	0.6244891631805791	0.1301937005846533
21486	0.021564770802604303	0.2159261129697333	0.7625091162276624
21487	0.055403294735834135	0.26538705901112575	0.6792096462530401
21488	0.08195041623926946	0.7967927570719138	0.12125682668881672
21489	0.31011005699329786	0.564516046656739	0.1253738963499632
21490	0.22942841647996945	0.6329928292655843	0.13757875425444627
21491	0.2252006207487964	0.5276904841824536	0.24710889506874997
21492	0.2759611282197295	0.5811129491404309	0.1429259226398396
21493	0.19093046049887547	0.6432070276574673	0.16586251184365722
21494	0.2926044170370882	0.559317442746988	0.1480781402159238
21495	0.1499774180474642	0.5628477889290477	0.28717479302348814
21496	0.06407817937906132	0.7444053514636869	0.1915164691572518
21497	0.11211262981705476	0.7820520574123966	0.10583531277054867
21498	0.2061462368447716	0.4682800345703951	0.32557372858483324
21499	0.06821855525773506	0.8098116926608568	0.12196975208140809
21500	0.3060386063258486	0.4920117242130129	0.20194966946113838
21501	0.13537189789610835	0.48253991502306204	0.38208818708082964
21502	0.07229003406971685	0.7616242195523802	0.16608574637790294
21503	0.30350759875244465	0.5509174098740918	0.14557499137346358
21504	0.2280514083932392	0.6204888843273916	0.15145970727936922
21505	0.06835049471223874	0.7929641831175649	0.13868532217019644
21506	0.26490970794435537	0.5899440373084034	0.1451462547472412
21507	0.28523260773403786	0.5392269879511636	0.17554040431479853
21508	0.2223868709163718	0.580514429101916	0.1970986999817122
21509	0.24813859770531235	0.5328362551177797	0.21902514717690796
21510	0.04229109917360881	0.522916802975991	0.4347920978504003
21511	0.15362657591812898	0.6165086249731723	0.22986479910869867
21512	0.2832075559342937	0.5713789071370744	0.14541353692863185
21513	0.09685511627898959	0.48045811653508125	0.4226867671859291
21514	0.22926565050043363	0.5909162180362489	0.17981813146331746
21515	0.161569526587767	0.6204406281724684	0.21798984523976458
21516	0.18929692010534335	0.5824247783718446	0.22827830152281203
21517	0.24083472556571828	0.675150421709896	0.0840148527243857
21518	0.03504857777266382	0.3319254361857717	0.6330259860415646
21519	0.29706144248871463	0.5774181182961976	0.12552043921508776
21520	0.2614394555900845	0.6070801057445905	0.13148043866532502
21521	0.37222870297137717	0.2730495603652946	0.3547217366633283
21522	0.5474049379961048	0.3594521591747206	0.0931429028291746
21523	0.569183452069333	0.36204145533910415	0.06877509259156299
21524	0.07240339790573493	0.7658106329964406	0.16178596909782447
21525	0.30374784941516564	0.5545946419811897	0.14165750860364473
21526	0.4376174473100587	0.47485342691838534	0.08752912577155589
21527	0.21626705591429124	0.6944370677913495	0.08929587629435917
21528	0.0595854984863351	0.4692104362412646	0.4712040652724003
21529	0.3162363539397769	0.5562212656551475	0.12754238040507557
21530	0.38854726490963354	0.4642747643725221	0.14717797071784441
21531	0.11648299850516544	0.7355346842653191	0.1479823172295155
21532	0.08280645191133294	0.4642265410334495	0.45296700705521753
21533	0.30374784941516564	0.5545946419811897	0.14165750860364473
21534	0.2651569303692371	0.6046093719142279	0.13023369771653498
21535	0.05888578207262681	0.4861747018889555	0.4549395160384177
21536	0.29949873919472497	0.5687967616516466	0.13170449915362845
21537	0.15966052871321934	0.6796704439702735	0.16066902731650706
21538	0.20729704936870502	0.6459378158016955	0.1467651348295995
21539	0.3133863014327724	0.519789783462085	0.16682391510514258
21540	0.08305605246962328	0.7987946893806536	0.11814925814972319
21541	0.319241525696395	0.521339606276962	0.159418868026643
21542	0.1362867863977471	0.4016657723410267	0.4620474412612262
21543	0.47794416527661127	0.42675949548431563	0.09529633923907306
21544	0.20143481378690128	0.5782220037023096	0.2203431825107891
21545	0.2749429196563081	0.6185217117136436	0.1065353686300482
21546	0.3467881129530623	0.523660482750044	0.1295514042968936
21547	0.0656714168183765	0.46328192996832146	0.47104665321330214
21548	0.20870832285253135	0.5963240952476376	0.19496758189983102
21549	0.5640406973187547	0.3447901145648979	0.09116918811634724
21550	0.0745592949670163	0.6718245886886158	0.253616116344368
21551	0.19007108874157483	0.5806265568420717	0.22930235441635347
21552	0.34931646452677534	0.5217002114169281	0.1289833240562965
21553	0.22794217024665545	0.5945248306465744	0.17753299910677028
21554	0.050016699295011534	0.4235938695052636	0.5263894311997248
21555	0.02481790527896326	0.2703310665487955	0.7048510281722411
21556	0.15459725019207185	0.34865448373125785	0.4967482660766704
21557	0.14821643151465455	0.49869021766247085	0.3530933508228746
21558	0.30602360044314386	0.570148944070433	0.12382745548642304
21559	0.11829154303371106	0.4342653730330733	0.4474430839332156
21560	0.09827528836791381	0.7267749368980657	0.17494977473402046
21561	0.2706854003837739	0.5976363779251568	0.1316782216910693
21562	0.06593265685590037	0.827134814220713	0.10693252892338662
21563	0.33992376826026044	0.4872571642079693	0.17281906753177023
21564	0.4330776433858069	0.41756568901397184	0.14935666760022132
21565	0.29202916955739044	0.5880702880991983	0.11990054234341124
21566	0.3076525877866941	0.5611146981173063	0.13123271409599963
21567	0.16985598917327735	0.6129207838346314	0.21722322699209118
21568	0.2542549732261078	0.5369373927178398	0.20880763405605243
21569	0.19214871992389895	0.6090206148926695	0.19883066518343157
21570	0.20504635059634124	0.56251109786899	0.23244255153466878
21571	0.11140325008379952	0.6433092618845202	0.24528748803168038
21572	0.2711139421886756	0.6047493975092911	0.12413666030203327
21573	0.3086093861150918	0.5583974134147142	0.13299320047019406
21574	0.08048545516998139	0.5242887713696127	0.3952257734604059
21575	0.17181930419446945	0.5762675145959949	0.25191318120953565
21576	0.09049588922938953	0.7970968156575632	0.11240729511304731
21577	0.27999975539407734	0.6037616394371612	0.11623860516876136
21578	0.025302369970407957	0.5274418251006949	0.44725580492889705
21579	0.0516345371568926	0.7838387732838802	0.16452668955922714
21580	0.22410783977468568	0.6873266220226412	0.08856553820267304
21581	0.19127989994961656	0.45259074773895225	0.35612935231143106
21582	0.2892630807786583	0.5520222720227328	0.1587146471986088
21583	0.17102922995055891	0.5483498576864865	0.2806209123629546
21584	0.2552951326721804	0.4198215342881068	0.3248833330397128
21585	0.055964587171187546	0.44125050149248	0.5027849113363324
21586	0.050388375302667425	0.38738942194671355	0.5622222027506191
21587	0.03129708784966895	0.4147458423815123	0.5539570697688189
21588	0.0992429872174436	0.8096374496999499	0.09111956308260649
21589	0.32031190927576075	0.5563653172663374	0.12332277345790182
21590	0.26847036285039716	0.5122453964781881	0.21928424067141475
21591	0.10426568411352394	0.5082254966248513	0.38750881926162484
21592	0.31152948681680825	0.5451945400227541	0.14327597316043764
21593	0.2307124093052846	0.6330419545988875	0.1362456360958279
21594	0.2507523722878506	0.6232199109137331	0.12602771679841626
21595	0.2740969560527258	0.5488167205860794	0.17708632336119473
21596	0.3955116007243985	0.45767700353167656	0.14681139574392496
21597	0.244592176073575	0.5655134791972752	0.18989434472914968
21598	0.35234788704911835	0.5348798537130796	0.11277225923780217
21599	0.1018494819571079	0.7591577813927015	0.13899273665019057
21600	0.0433935155438226	0.7532247651687596	0.20338171928741777
21601	0.09280473240444477	0.37711562825517203	0.5300796393403832
21602	0.4298511851595842	0.46523548838618306	0.10491332645423275
21603	0.2627496774827854	0.538550425452519	0.19869989706469557
21604	0.2099905600695108	0.6031916854266155	0.18681775450387367
21605	0.28196532818640535	0.5989708592249398	0.11906381258865482
21606	0.0679134011518953	0.5083051474624726	0.4237814513856321
21607	0.19532598081358862	0.5256196233224557	0.27905439586395564
21608	0.2547617632864846	0.5922702608576831	0.1529679758558324
21609	0.3205377359145605	0.4798014946886608	0.19966076939677865
21610	0.3347259092824775	0.5439083507799949	0.1213657399375276
21611	0.2984777917952808	0.5491551978593711	0.15236701034534822
21612	0.0531236949335873	0.4305555749629883	0.5163207301034244
21613	0.19044430141507657	0.6615202094672095	0.14803548911771405
21614	0.3484397425533723	0.401036636804105	0.25052362064252276
21615	0.40990973031585504	0.5018456176424804	0.08824465204166458
21616	0.3621819662307125	0.5462064071136724	0.09161162665561513
21617	0.2465035966088806	0.5820420756061322	0.1714543277849872
21618	0.1817012100703612	0.5561621061089286	0.26213668382071026
21619	0.21463640670702733	0.4641443469108073	0.32121924638216526
21620	0.03522712223635628	0.6250697118234488	0.33970316594019473
21621	0.17803990540768563	0.5865995491320606	0.2353605454602538
21622	0.17522023595965094	0.7078591132827277	0.11692065075762142
21623	0.14951030609953259	0.5443594911878209	0.3061302027126465
21624	0.1193508413819007	0.7690759577262347	0.11157320089186466
21625	0.3018906538296446	0.5785609164129264	0.11954842975742894
21626	0.5347729651426241	0.38563495421329674	0.07959208064407923
21627	0.24432805038552344	0.44168988107281426	0.31398206854166216
21628	0.27711847429214076	0.5935309993486454	0.1293505263592138
21629	0.08832023560409255	0.6526333886468505	0.259046375749057
21630	0.0441092945929017	0.6271059324163903	0.32878477299070796
21631	0.2587489632320383	0.6254253406080067	0.11582569615995505
21632	0.12362571636218395	0.5491256487115609	0.32724863492625517
21633	0.18256681984766254	0.42508266231623015	0.39235051783610736
21634	0.36227088734456897	0.48872509441026507	0.14900401824516601
21635	0.24814336405614798	0.610920186470974	0.14093644947287795
21636	0.25394707358579877	0.5788821148444921	0.16717081156970914
21637	0.3129214802071867	0.5369884312541178	0.15009008853869552
21638	0.16039470677876722	0.55337503361024	0.28623025961099274
21639	0.05030123670105282	0.7831606264342622	0.16653813686468497
21640	0.21851515297080262	0.5980055060998253	0.18347934092937207
21641	0.31134307351389234	0.5490585355860661	0.13959839090004153
21642	0.254689309729117	0.4675503113067404	0.27776037896414263
21643	0.23574022431124228	0.5942179158128428	0.1700418598759149
21644	0.27942748678678997	0.6295414698879155	0.09103104332529459
21645	0.1225994499401454	0.6964380340985019	0.18096251596135265
21646	0.3286012489571416	0.4788319012780762	0.19256684976478225
21647	0.2799482589967982	0.5829231973918471	0.13712854361135474
21648	0.3175736407730189	0.5079302708564555	0.17449608837052563
21649	0.23943305060433157	0.6096373073539187	0.15092964204174977
21650	0.1351059606023564	0.45894055955069785	0.40595347984694574
21651	0.29344094099805035	0.5460323207961135	0.1605267382058361
21652	0.2570311612188991	0.6256536799305644	0.11731515885053648
21653	0.13122128324462717	0.629065863826908	0.2397128529284648
21654	0.2940790243006693	0.6052060908570474	0.10071488484228344
21655	0.07467745588770291	0.6813262627260663	0.24399628138623078
21656	0.3035278879325492	0.5614194318736638	0.1350526801937869
21657	0.04968088941755263	0.3646406119470064	0.5856784986354409
21658	0.13354301622889034	0.48888180786218866	0.37757517590892103
21659	0.2670306481654316	0.5674189804406587	0.16555037139390968
21660	0.1855205732641487	0.590324503763509	0.22415492297234227
21661	0.1437577648862674	0.47645570545648336	0.37978652965724913
21662	0.30374784941516564	0.5545946419811897	0.14165750860364473
21663	0.16400610053145315	0.5971663846249349	0.23882751484361203
21664	0.1837954721668451	0.5415304988353027	0.27467402899785226
21665	0.12774138987263853	0.7200519754598956	0.15220663466746587
21666	0.07353500746817558	0.8087603220298811	0.11770467050194326
21667	0.15904088751926806	0.3966604506876556	0.4442986617930764
21668	0.5668318784069287	0.3565058396849901	0.07666228190808104
21669	0.1889654125657955	0.5647931320484246	0.24624145538577982
21670	0.2866445722271804	0.5407247367352225	0.17263069103759712
21671	0.07105462006854364	0.7722924144622397	0.15665296546921662
21672	0.2839996835540974	0.5512381409524749	0.16476217549342767
21673	0.2528097554414099	0.5783029276036038	0.16888731695498635
21674	0.391096524586622	0.4427562310590626	0.16614724435431544
21675	0.07389782331281038	0.6724068568335541	0.2536953198536356
21676	0.23151919207556668	0.6005034695516693	0.16797733837276396
21677	0.31148206642580367	0.5686666134018306	0.11985132017236567
21678	0.06870277450945064	0.41723434145746596	0.5140628840330834
21679	0.18554314577100062	0.5965751884815871	0.21788166574741227
21680	0.2202508554993224	0.5282992661933678	0.2514498783073098
21681	0.3223955641134135	0.5121838679648194	0.16542056792176704
21682	0.0595854984863351	0.4692104362412646	0.4712040652724003
21683	0.25474682098006013	0.6062344588889125	0.13901872013102737
21684	0.36920720085216224	0.5050329213422585	0.12575987780557912
21685	0.1977338608659916	0.7141576631813101	0.08810847595269823
21686	0.20542988305719742	0.6374274522292248	0.15714266471357782
21687	0.3111869577743929	0.5397463114779139	0.14906673074769328
21688	0.1700064435519895	0.38569799728486515	0.4442955591631455
21689	0.3401014387349297	0.5203898894481691	0.13950867181690127
21690	0.3164949160540008	0.5359265400722167	0.1475785438737825
21691	0.29703621352559256	0.5674955963181934	0.13546819015621403
21692	0.18200767511189592	0.6734029924376383	0.1445893324504657
21693	0.044623087777017935	0.4014687347230523	0.5539081774999297
21694	0.26859885906829223	0.5381777472177075	0.19322339371400024
21695	0.40716304544327186	0.5150876838049755	0.07774927075175278
21696	0.07872813147992024	0.7851280280021509	0.13614384051792894
21697	0.30374784941516564	0.5545946419811897	0.14165750860364473
21698	0.19972749617275853	0.6556062359629958	0.14466626786424566
21699	0.30520223013673964	0.5572501068911099	0.13754766297215051
21700	0.13378504929243643	0.516739452605456	0.34947549810210765
21701	0.32923542163718383	0.5718260769943058	0.09893850136851047
21702	0.20832633695146505	0.470952976622733	0.3207206864258019
21703	0.04920515850002184	0.6966810771289115	0.25411376437106664
21704	0.2423757809465909	0.6324094294826672	0.12521478957074184
21705	0.07683374524407661	0.5101418582612949	0.4130243964946286
21706	0.3446180236790926	0.5534843694470554	0.101897606873852
21707	0.2881557729000498	0.5559166173380892	0.15592760976186099
21708	0.05145710176191516	0.4337841791987357	0.514758719039349
21709	0.04809687686620037	0.4476275207402241	0.5042756023935755
21710	0.1039306721982031	0.5339675805982155	0.36210174720358146
21711	0.3633362471983215	0.4998950370646038	0.13676871573707455
21712	0.31494868736772136	0.552837519936845	0.1322137926954336
21713	0.31529841868327446	0.5581244719412322	0.1265771093754933
21714	0.17782007004477457	0.6449450233128606	0.17723490664236471
21715	0.15112606114947974	0.6256057305734973	0.22326820827702293
21716	0.3028642256708666	0.44685602459051943	0.2502797497386139
21717	0.31471264777222563	0.4465189430081877	0.23876840921958667
21718	0.19122573154597325	0.4611564655291485	0.3476178029248781
21719	0.014107448612926286	0.33453038898617443	0.6513621624008993
21720	0.10437549610348856	0.5694037100544991	0.32622079384201236
21721	0.25794146726389083	0.584810313271776	0.15724821946433312
21722	0.043605589916005084	0.6786911259582307	0.27770328412576417
21723	0.20637254313879266	0.6219107375136645	0.17171671934754282
21724	0.271577645052769	0.5311485965790544	0.19727375836817646
21725	0.08842404868189319	0.4515603833554635	0.4600155679626434
21726	0.3898152416042309	0.5064930485104177	0.1036917098853515
21727	0.2510221490474425	0.5449588527720088	0.2040189981805487
21728	0.3194907159033142	0.5588455893981753	0.12166369469851047
21729	0.15363533204365634	0.6165278252937024	0.22983684266264126
21730	0.22029594131776764	0.3881290517072531	0.3915750069749792
21731	0.5544285016535521	0.36714632385504153	0.07842517449140644
21732	0.10466107743734662	0.7507616583876094	0.14457726417504396
21733	0.30845841178194	0.5449148928211083	0.1466266953969518
21734	0.22473736710354025	0.6195353647541771	0.15572726814228255
21735	0.3512986345207792	0.517440294750348	0.1312610707288728
21736	0.05509134005378713	0.2772371063360991	0.6676715536101138
21737	0.0983676596282939	0.3465975143548253	0.5550348260168808
21738	0.1018494819571079	0.7591577813927015	0.13899273665019057
21739	0.35168589792087723	0.4969958306182631	0.15131827146085966
21740	0.24265302820581475	0.4114134470450387	0.3459335247491465
21741	0.21405103243248383	0.6483776253662281	0.13757134220128805
21742	0.3196995937895112	0.35484335041855897	0.3254570557919298
21743	0.41741666364852364	0.4714928708283954	0.1110904655230809
21744	0.34119173157988614	0.5035712936840631	0.15523697473605086
21745	0.2878659580175444	0.5776101680187601	0.1345238739636955
21746	0.3120489998146528	0.5608092449921261	0.12714175519322105
21747	0.23330678940080968	0.5362799485661929	0.23041326203299742
21748	0.055857964910404775	0.49832576045792304	0.44581627463167234
21749	0.2814494602242993	0.5884564775249046	0.13009406225079606
21750	0.2051856394034732	0.5079326676428979	0.2868816929536288
21751	0.28574715158937075	0.5699737131553229	0.14427913525530633
21752	0.06679545090103454	0.8451742264036304	0.08803032269533508
21753	0.3592906442272318	0.5324784368207429	0.10823091895202522
21754	0.4814692547430106	0.41744236931926465	0.10108837593772488
21755	0.15314431106201548	0.6467891843847956	0.20006650455318895
21756	0.056140888151315405	0.7945107282920482	0.1493483835566364
21757	0.19207347730607624	0.6451781304082324	0.16274839228569132
21758	0.36238977084536483	0.4369357681687517	0.20067446098588343
21759	0.15172185896254958	0.6054564851621126	0.24282165587533777
21760	0.018040529155802173	0.8897799102542051	0.0921795605899927
21761	0.09562208565253355	0.7947948579320087	0.10958305641545779
21762	0.24463273058766652	0.5809623086190323	0.17440496079330114
21763	0.08862559488236649	0.41588470844717035	0.49548969667046316
21764	0.3965313850244936	0.48169725456336243	0.12177136041214391
21765	0.21728037894060423	0.6380865613902401	0.1446330596691557
21766	0.3422078017573334	0.5508085534141195	0.10698364482854712
21767	0.32460176968938514	0.5850756351152265	0.09032259519538836
21768	0.16013962613396082	0.5944878064738769	0.24537256739216234
21769	0.2743978482032257	0.5967961308152054	0.12880602098156876
21770	0.2523706595974333	0.5168627797750789	0.23076656062748788
21771	0.25326708858648606	0.627337065005377	0.11939584640813695
21772	0.04585033844529848	0.4292630460186671	0.5248866155360344
21773	0.15803875222262295	0.6076646518359761	0.23429659594140093
21774	0.1826164612968662	0.7182460397613443	0.09913749894178955
21775	0.4271807306436658	0.47859136042922135	0.09422790892711298
21776	0.21232194370422836	0.5130018593558988	0.27467619693987283
21777	0.16122357156466355	0.695029181545719	0.1437472468896174
21778	0.09198709750500055	0.7603884825026692	0.14762441999233028
21779	0.33466068957017314	0.5159675383573785	0.14937177207244837
21780	0.20412779264385897	0.62777579679344	0.16809641056270105
21781	0.12941107074726763	0.6830432810067237	0.18754564824600867
21782	0.326688930722813	0.5700103947506138	0.10330067452657325
21783	0.12753159266442954	0.7470967392018302	0.1253716681337403
21784	0.22366318463069476	0.6234961372887855	0.15284067808051974
21785	0.3100166567093864	0.5746848361890257	0.11529850710158793
21786	0.2949005429348136	0.5872129048500119	0.1178865522151745
21787	0.170285168839213	0.667403617968617	0.16231121319217004
21788	0.053249233042691614	0.70013738812983	0.24661337882747844
21789	0.33366145900809435	0.5392893545532899	0.1270491864386157
21790	0.1715049888964924	0.40957870988715916	0.4189163012163484
21791	0.09346783316051334	0.742666568341365	0.16386559849812168
21792	0.340655541998193	0.5787826079938496	0.08056185000795746
21793	0.09594801743454043	0.7703168626391508	0.1337351199263087
21794	0.2343167823059063	0.598806186973222	0.1668770307208717
21795	0.40942664218466823	0.444103812239362	0.14646954557596978
21796	0.2793465035448141	0.35633393553071563	0.3643195609244702
21797	0.3688075108398258	0.48808748609147595	0.14310500306869822
21798	0.5318995692723786	0.37171264190363884	0.09638778882398251
21799	0.10690478684877248	0.6442803955184189	0.24881481763280874
21800	0.1616827217280516	0.6459556304367868	0.19236164783516158
21801	0.45509693062754425	0.4183402702336966	0.12656279913875904
21802	0.21117296920754644	0.6149168597609338	0.17391017103151976
21803	0.3306335482101153	0.5404605591436041	0.12890589264628063
21804	0.21161674654342158	0.6470472108843424	0.14133604257223606
21805	0.04040295147178607	0.8473548228656775	0.11224222566253637
21806	0.08825847699045732	0.7786142949549869	0.13312722805455576
21807	0.28483992834378635	0.4968292281265557	0.21833084352965784
21808	0.34036875147237955	0.5370993720307715	0.12253187649684895
21809	0.25581436947540626	0.5150825075591433	0.2291031229654504
21810	0.3077772333691601	0.5621577169333293	0.1300650496975106
21811	0.30109805458807876	0.5594711039616301	0.13943084145029114
21812	0.46590876559945416	0.48249132614782275	0.051599908252722974
21813	0.17993754799647663	0.6589952328611574	0.16106721914236607
21814	0.2343167823059063	0.598806186973222	0.1668770307208717
21815	0.0595854984863351	0.4692104362412646	0.4712040652724003
21816	0.18947386836543473	0.5302203891409196	0.2803057424936456
21817	0.2767573998844565	0.6132590882371282	0.10998351187841536
21818	0.3594356848374048	0.40139398573542995	0.2391703294271652
21819	0.25220039935647803	0.4922693633101727	0.25553023733334945
21820	0.10863894735200572	0.7560358903687944	0.13532516227919986
21821	0.3171218028388131	0.5459466260949136	0.13693157106627332
21822	0.25348610171519564	0.5997637267352077	0.14675017154959666
21823	0.14141648702285578	0.6258185320817932	0.23276498089535114
21824	0.2563457062575987	0.5958960183332128	0.14775827540918848
21825	0.2944748574233395	0.5684783198632809	0.13704682271337948
21826	0.10987476283335698	0.7812427845320833	0.10888245263455977
21827	0.3688834959652306	0.5230281369201474	0.10808836711462205
21828	0.005916978395944669	0.9555847466510677	0.03849827495298753
21829	0.212880087289933	0.6299874803505318	0.15713243235953525
21830	0.2914493257199644	0.5613230315723234	0.1472276427077121
21831	0.303309728969871	0.46708760825298395	0.22960266277714506
21832	0.20735381858090174	0.6515008173570569	0.14114536406204128
21833	0.46662415627236065	0.46430854586092324	0.06906729786671602
21834	0.2058818030274981	0.5338449347787898	0.2602732621937121
21835	0.2865047870104568	0.5175224521665298	0.19597276082301338
21836	0.20613616457312517	0.6452693699041261	0.1485944655227487
21837	0.15441924092226753	0.3714936228857684	0.4740871361919641
21838	0.31981055625937216	0.5176464661893547	0.1625429775512731
21839	0.06645800486516819	0.4294781549536148	0.504063840181217
21840	0.2261895140365586	0.6361008290469434	0.13770965691649797
21841	0.039114090790702785	0.7866067148720822	0.17427919433721498
21842	0.13049216389308452	0.501098297816467	0.3684095382904486
21843	0.3067004876525822	0.5115968782638336	0.18170263408358417
21844	0.1018494819571079	0.7591577813927015	0.13899273665019057
21845	0.18974110668045094	0.633927887673995	0.17633100564555398
21846	0.3923511436626449	0.4815391052420457	0.1261097510953094
21847	0.38079396612285404	0.47738941522686673	0.14181661865027914
21848	0.052351706633944686	0.7003124792061323	0.24733581415992303
21849	0.14190124406559582	0.49223268239689605	0.3658660735375081
21850	0.32880810103454255	0.572957869967079	0.0982340289983783
21851	0.2454177386749047	0.6856298750562069	0.06895238626888835
21852	0.16455530686911155	0.6722438604327831	0.16320083269810534
21853	0.26010331651175655	0.5752591727880989	0.1646375107001446
21854	0.23391764247462163	0.3819368192355775	0.3841455382898009
21855	0.18780401696755036	0.6092129287421301	0.20298305429031957
21856	0.28926894014075144	0.5168873368831913	0.1938437229760572
21857	0.05428542060901553	0.5153579014914297	0.4303566778995548
21858	0.1280855211707213	0.6475847766450863	0.22432970218419238
21859	0.2954276162900924	0.5943101275005106	0.11026225620939707
21860	0.08219094193027503	0.4507893740967906	0.4670196839729346
21861	0.3632654393590955	0.5053804682207448	0.13135409242015955
21862	0.17985393767817368	0.3473200504980375	0.4728260118237889
21863	0.3570324393871873	0.48128111730511836	0.16168644330769444
21864	0.17211865001465482	0.4103768206259593	0.41750452935938587
21865	0.03540439535569121	0.43630262222991023	0.5282929824143986
21866	0.3886217270358224	0.4939553534780048	0.1174229194861727
21867	0.14909424171765615	0.6614814321407964	0.18942432614154753
21868	0.3097655272306807	0.5678911578805413	0.12234331488877803
21869	0.2637645423860743	0.48763003747115646	0.2486054201427693
21870	0.09213220459767368	0.7710597673511107	0.13680802805121559
21871	0.2781921435457856	0.5089717854749124	0.21283607097930202
21872	0.12913184099621391	0.729140769876247	0.14172738912753916
21873	0.3524911154049276	0.5078656010438783	0.139643283551194
21874	0.1295314073260362	0.7372541671398741	0.13321442553408966
21875	0.4002209600198103	0.4708621762318998	0.1289168637482899
21876	0.2628720574888641	0.5987547059201695	0.13837323659096645
21877	0.053759350479034435	0.4477986756969845	0.49844197382398103
21878	0.29634020192953947	0.5641642106729595	0.13949558739750104
